0
0.012533
0.024898
0.037103
0.049155
0.075821
0.10182
0.12723
0.15212
0.17695
0.20137
0.22547
0.24929
0.27452
0.29957
0.32452
0.34943
0.37563
0.40192
0.42838
0.45507
0.48335
0.51203
0.54118
0.57086
0.60258
0.63504
0.66833
0.7025
0.73922
0.77708
0.81618
0.85661
0.90009
0.9452
0.99204
1.0407
1.0933
1.1482
1.2054
1.2651
1.3312
1.4005
1.4731
1.5492
1.633
1.7212
1.8139
1.9113
2.0184
2.1312
2.2501
2.3755
2.5132
2.6588
2.8125
2.9748
3.1465
3.3279
3.5193
3.7214
3.9233
4.1358
4.3592
4.594
4.8286
5.0744
5.3318
5.6013
5.8709
6.1523
6.4458
6.7516
7.0584
7.3772
7.708
8.051
8.3968
8.7543
9.1232
9.5035
9.8911
10.289
10.698
11.116
11.553
11.998
12.451
12.909
13.433
13.96
14.487
15.012
15.47
15.921
16.361
16.787
17.132
17.463
17.778
18.075
18.319
18.545
18.753
18.942
19.1
19.238
19.355
19.451
19.523
19.572
19.598
19.6
19.581
19.542
19.482
19.401
19.309
19.199
19.073
18.929
18.779
18.613
18.434
18.24
18.041
17.83
17.608
17.374
17.137
16.89
16.634
16.37
16.105
15.833
15.555
15.271
14.995
14.715
14.43
14.142
13.881
13.618
13.353
13.085
12.729
12.371
12.011
11.65
11.201
10.753
10.305
9.8592
9.2996
8.7457
8.1987
7.66
6.928
6.2161
5.5262
4.8597
4.3425
3.8414
3.3568
2.8887
2.489
2.1023
1.7284
1.3672
1.0301
0.70459
0.39035
0.087213
-0.19591
-0.46909
-0.73257
-0.98659
-1.2693
-1.5402
-1.7995
-2.0477
-2.3528
-2.641
-2.9132
-3.1703
-3.3884
-3.5958
-3.7928
-3.9802
-4.1569
-4.3252
-4.4855
-4.6383
-4.7873
-4.9294
-5.0651
-5.1949
-5.3231
-5.4459
-5.5636
-5.6767
-5.7896
-5.8983
-6.0031
-6.1044
-6.2067
-6.3058
-6.4021
-6.4959
-6.5917
-6.6853
-6.777
-6.867
-6.9599
-7.0514
-7.1417
-7.231
-7.324
-7.4162
-7.5075
-7.5983
-7.6932
-7.7875
-7.8811
-7.9742
-8.0711
-8.1672
-8.2624
-8.3566
-8.4532
-8.5482
-8.6417
-8.7332
-8.8244
-8.9131
-8.9989
-9.0814
-9.1611
-9.2367
-9.3081
-9.3748
-9.4369
-9.4935
-9.5445
-9.5895
-9.6288
-9.6615
-9.6872
-9.7057
-9.7174
-9.7209
-9.7162
-9.7034
-9.683
-9.6551
-9.6198
-9.5774
-9.5322
-9.4814
-9.4254
-9.3645
-9.3013
-9.2342
-9.1636
-9.0898
-9.0133
-8.9345
-8.8537
-8.7713
-8.686
-8.6
-8.5135
-8.4272
-8.3378
-8.2494
-8.1623
-8.077
-7.9888
-7.9035
-7.8215
-7.743
-7.6623
-7.5865
-7.5162
-7.4514
-7.3854
-7.3273
-7.2772
-7.2354
-7.1989
-7.173
-7.1576
-7.1529
-7.159
-7.1759
-7.2035
-7.2415
-7.2862
-7.3395
-7.4011
-7.4707
-7.5423
-7.6201
-7.7038
-7.7929
-7.8826
-7.9765
-8.0739
-8.1745
-8.2737
-8.3748
-8.4772
-8.5804
-8.6808
-8.7808
-8.8798
-8.9771
-9.0711
-9.1623
-9.25
-9.3335
-9.4082
-9.4781
-9.5428
-9.6017
-9.6533
-9.6987
-9.7373
-9.769
-9.7937
-9.8106
-9.8195
-9.8203
-9.8124
-9.7956
-9.7699
-9.7355
-9.6976
-9.6531
-9.6023
-9.5455
-9.4867
-9.4231
-9.3552
-9.2833
-9.2088
-9.1311
-9.0507
-8.9679
-8.8821
-8.7947
-8.7062
-8.6169
-8.5244
-8.4319
-8.34
-8.249
-8.1547
-8.0624
-7.9725
-7.8852
-7.7951
-7.709
-7.6272
-7.55
-7.4709
-7.3981
-7.332
-7.2728
-7.2128
-7.1628
-7.1231
-7.0938
-7.0744
-7.0665
-7.0699
-7.0847
-7.1103
-7.1466
-7.1935
-7.2505
-7.311
-7.3794
-7.4552
-7.5383
-7.623
-7.7133
-7.8089
-7.9092
-8.0093
-8.1127
-8.2191
-8.3278
-8.434
-8.5414
-8.6492
-8.7568
-8.861
-8.9637
-9.0645
-9.1625
-9.2541
-9.342
-9.4255
-9.5041
-9.5741
-9.6385
-9.697
-9.7489
-9.7937
-9.8314
-9.8617
-9.8843
-9.8994
-9.9059
-9.9036
-9.8925
-9.8732
-9.8456
-9.8099
-9.7663
-9.7198
-9.6671
-9.6086
-9.5446
-9.4782
-9.4074
-9.3325
-9.254
-9.1725
-9.0883
-9.0015
-8.9128
-8.8207
-8.7275
-8.6334
-8.539
-8.441
-8.3435
-8.247
-8.1519
-8.0533
-7.9571
-7.8638
-7.7737
-7.6806
-7.5921
-7.5086
-7.4303
-7.3499
-7.2767
-7.211
-7.153
-7.0946
-7.0475
-7.0118
-6.9875
-6.9745
-6.9735
-6.9845
-7.0071
-7.0402
-7.084
-7.1383
-7.2027
-7.2703
-7.3458
-7.4289
-7.5191
-7.6112
-7.7089
-7.8119
-7.9197
-8.0268
-8.1372
-8.2505
-8.366
-8.4784
-8.5918
-8.7054
-8.8187
-8.9279
-9.0355
-9.1407
-9.2429
-9.3373
-9.4278
-9.5136
-9.5941
-9.6657
-9.7314
-9.7908
-9.8434
-9.8886
-9.9263
-9.9563
-9.9783
-9.9924
-9.9975
-9.9935
-9.9803
-9.9589
-9.9291
-9.891
-9.8449
-9.7958
-9.7405
-9.6792
-9.6123
-9.5428
-9.4688
-9.3906
-9.3086
-9.2235
-9.1354
-9.0448
-8.9522
-8.8559
-8.7583
-8.6599
-8.5611
-8.4584
-8.3562
-8.2549
-8.155
-8.0513
-7.95
-7.8515
-7.7563
-7.6577
-7.5638
-7.4748
-7.3911
-7.305
-7.2261
-7.1547
-7.0909
-7.0259
-6.972
-6.9296
-6.8987
-6.8787
-6.8714
-6.8767
-6.8945
-6.9231
-6.9629
-7.0135
-7.0747
-7.141
-7.2158
-7.299
-7.39
-7.4838
-7.584
-7.6901
-7.8017
-7.9131
-8.0286
-8.1476
-8.2694
-8.3881
-8.5083
-8.6293
-8.7505
-8.8671
-8.9826
-9.0962
-9.2072
-9.3109
-9.411
-9.5066
-9.5972
-9.6777
-9.7526
-9.8213
-9.8833
-9.9372
-9.9838
-10.023
-10.054
-10.077
-10.091
-10.096
-10.092
-10.078
-10.056
-10.024
-9.9828
-9.9381
-9.8865
-9.8282
-9.7635
-9.6963
-9.6238
-9.5466
-9.465
-9.3803
-9.292
-9.2006
-9.1065
-9.0087
-8.9091
-8.808
-8.706
-8.5998
-8.4936
-8.3877
-8.2825
-8.1733
-8.0658
-7.9605
-7.858
-7.7516
-7.6491
-7.551
-7.4576
-7.3612
-7.2711
-7.1877
-7.1113
-7.033
-6.9643
-6.9054
-6.8565
-6.8131
-6.7828
-6.7659
-6.7622
-6.771
-6.792
-6.825
-6.8697
-6.9227
-6.9858
-7.0587
-7.141
-7.2276
-7.3221
-7.424
-7.5329
-7.6434
-7.7596
-7.8807
-8.0064
-8.1299
-8.2563
-8.3851
-8.5155
-8.6411
-8.767
-8.8923
-9.0165
-9.1354
-9.2516
-9.3646
-9.4734
-9.5711
-9.6638
-9.751
-9.8322
-9.9038
-9.9687
-10.027
-10.077
-10.119
-10.153
-10.178
-10.194
-10.202
-10.199
-10.186
-10.163
-10.133
-10.095
-10.048
-9.9937
-9.9361
-9.8723
-9.8024
-9.7269
-9.6484
-9.5653
-9.478
-9.3869
-9.2921
-9.1944
-9.0942
-8.9919
-8.8854
-8.7776
-8.6691
-8.5602
-8.4469
-8.3341
-8.2224
-8.1122
-7.9975
-7.8855
-7.7766
-7.6711
-7.5617
-7.4572
-7.358
-7.2644
-7.1678
-7.0788
-6.9976
-6.9244
-6.8493
-6.7856
-6.7336
-6.6933
-6.6625
-6.646
-6.6439
-6.6561
-6.6795
-6.7146
-6.7612
-6.8189
-6.8847
-6.9603
-7.0455
-7.1398
-7.2387
-7.3454
-7.4595
-7.5804
-7.7022
-7.8294
-7.9614
-8.0975
-8.2301
-8.3653
-8.5022
-8.6404
-8.7725
-8.9043
-9.035
-9.1639
-9.2859
-9.4047
-9.5195
-9.6294
-9.7268
-9.8187
-9.9045
-9.9837
-10.053
-10.116
-10.17
-10.217
-10.255
-10.284
-10.304
-10.315
-10.316
-10.306
-10.286
-10.256
-10.22
-10.175
-10.122
-10.061
-9.998
-9.9282
-9.8526
-9.7714
-9.6869
-9.5979
-9.5047
-9.4078
-9.307
-9.2033
-9.0972
-8.9891
-8.8765
-8.7627
-8.6483
-8.5338
-8.4143
-8.2956
-8.1782
-8.0625
-7.9419
-7.8243
-7.7099
-7.5993
-7.4845
-7.3748
-7.2707
-7.1725
-7.0712
-6.9777
-6.8924
-6.8154
-6.7361
-6.6688
-6.6135
-6.5703
-6.5363
-6.5177
-6.5143
-6.5259
-6.549
-6.5839
-6.6303
-6.688
-6.755
-6.8324
-6.9198
-7.0168
-7.1197
-7.2309
-7.3501
-7.4768
-7.6052
-7.7396
-7.8793
-8.0238
-8.1644
-8.3081
-8.4541
-8.6017
-8.7422
-8.8828
-9.0225
-9.1607
-9.2919
-9.42
-9.5442
-9.6637
-9.7691
-9.869
-9.9629
-10.05
-10.127
-10.196
-10.258
-10.311
-10.356
-10.391
-10.418
-10.434
-10.441
-10.438
-10.423
-10.398
-10.365
-10.323
-10.273
-10.214
-10.152
-10.084
-10.009
-9.9275
-9.8429
-9.7533
-9.6591
-9.5607
-9.4582
-9.3524
-9.2437
-9.1326
-9.0168
-8.8993
-8.7808
-8.6617
-8.5373
-8.4133
-8.2901
-8.1681
-8.0409
-7.9161
-7.7941
-7.6754
-7.552
-7.4332
-7.3196
-7.2114
-7.0994
-6.9947
-6.8976
-6.8083
-6.7163
-6.6349
-6.5644
-6.5048
-6.4479
-6.4068
-6.3817
-6.3724
-6.3776
-6.3957
-6.4265
-6.47
-6.5221
-6.5849
-6.6582
-6.7418
-6.8355
-6.9389
-7.0516
-7.1732
-7.2999
-7.4341
-7.5755
-7.7233
-7.8695
-8.0204
-8.1754
-8.3337
-8.4847
-8.6373
-8.7905
-8.9437
-9.0884
-9.2313
-9.3717
-9.5087
-9.6332
-9.7531
-9.8678
-9.9764
-10.072
-10.161
-10.243
-10.317
-10.381
-10.437
-10.484
-10.522
-10.551
-10.569
-10.577
-10.574
-10.561
-10.538
-10.503
-10.459
-10.41
-10.353
-10.288
-10.216
-10.14
-10.058
-9.9708
-9.8778
-9.7808
-9.6794
-9.5739
-9.4649
-9.3512
-9.2348
-9.1162
-8.9958
-8.87
-8.7433
-8.6162
-8.4893
-8.3565
-8.2249
-8.0949
-7.9669
-7.8333
-7.703
-7.5764
-7.4541
-7.3269
-7.2054
-7.09
-6.9809
-6.8683
-6.7641
-6.6686
-6.582
-6.4922
-6.415
-6.3505
-6.2987
-6.2538
-6.2267
-6.2171
-6.2248
-6.2446
-6.2762
-6.3196
-6.3746
-6.4386
-6.5132
-6.5979
-6.6925
-6.7997
-6.9168
-7.0434
-7.179
-7.3197
-7.4681
-7.6236
-7.7857
-7.9443
-8.1074
-8.2744
-8.4443
-8.6048
-8.7664
-8.9282
-9.0893
-9.2406
-9.3897
-9.5355
-9.6773
-9.8039
-9.9255
-10.041
-10.15
-10.246
-10.335
-10.416
-10.489
-10.551
-10.605
-10.649
-10.684
-10.709
-10.723
-10.726
-10.717
-10.699
-10.67
-10.63
-10.581
-10.527
-10.464
-10.394
-10.317
-10.236
-10.148
-10.055
-9.9564
-9.8535
-9.7462
-9.6348
-9.5198
-9.3998
-9.2771
-9.1521
-9.0254
-8.8928
-8.7594
-8.6256
-8.492
-8.3521
-8.2134
-8.0764
-7.9415
-7.8005
-7.6629
-7.5292
-7.3998
-7.2652
-7.1364
-7.0138
-6.8978
-6.7778
-6.6664
-6.5638
-6.4703
-6.373
-6.2883
-6.2163
-6.157
-6.1014
-6.0649
-6.0474
-6.0486
-6.0632
-6.09
-6.1286
-6.1791
-6.2381
-6.3076
-6.3873
-6.477
-6.5798
-6.6927
-6.8155
-6.9477
-7.0916
-7.2445
-7.4059
-7.5752
-7.743
-7.9166
-8.0955
-8.2786
-8.4511
-8.6257
-8.8016
-8.9778
-9.1419
-9.3044
-9.4646
-9.6215
-9.7633
-9.9005
-10.032
-10.158
-10.267
-10.37
-10.466
-10.553
-10.629
-10.696
-10.754
-10.802
-10.84
-10.867
-10.884
-10.889
-10.883
-10.866
-10.836
-10.796
-10.749
-10.694
-10.629
-10.557
-10.48
-10.396
-10.306
-10.21
-10.109
-10.003
-9.8925
-9.7775
-9.6574
-9.5337
-9.4071
-9.278
-9.1429
-9.0062
-8.8684
-8.7299
-8.5848
-8.4401
-8.2963
-8.1539
-8.0046
-7.8579
-7.7143
-7.5743
-7.428
-7.2867
-7.1508
-7.0207
-6.8856
-6.7582
-6.6386
-6.5271
-6.4117
-6.307
-6.2131
-6.1302
-6.0407
-5.9689
-5.9148
-5.878
-5.8593
-5.8555
-5.8664
-5.8918
-5.9257
-5.9703
-6.0255
-6.0911
-6.1672
-6.2533
-6.3495
-6.4553
-6.5764
-6.7076
-6.8487
-6.9993
-7.1638
-7.3373
-7.5194
-7.7093
-7.8937
-8.0835
-8.278
-8.4762
-8.6596
-8.8443
-9.0294
-9.214
-9.3846
-9.5527
-9.7175
-9.8777
-10.019
-10.156
-10.285
-10.408
-10.515
-10.615
-10.706
-10.789
-10.86
-10.921
-10.973
-11.014
-11.044
-11.063
-11.07
-11.066
-11.05
-11.022
-10.984
-10.934
-10.879
-10.815
-10.743
-10.662
-10.577
-10.486
-10.387
-10.283
-10.174
-10.06
-9.9411
-9.8181
-9.6895
-9.5575
-9.4227
-9.2855
-9.1418
-8.9967
-8.8506
-8.704
-8.5502
-8.3971
-8.245
-8.0946
-7.9367
-7.7817
-7.6301
-7.4823
-7.3278
-7.1787
-7.0353
-6.8979
-6.7554
-6.6209
-6.4945
-6.3765
-6.2542
-6.1429
-6.0428
-5.9539
-5.8564
-5.7773
-5.7165
-5.6737
-5.6502
-5.6416
-5.6478
-5.6686
-5.6981
-5.7381
-5.7885
-5.8491
-5.9198
-6.0006
-6.0911
-6.1913
-6.3059
-6.4306
-6.5651
-6.7094
-6.8761
-7.0533
-7.2405
-7.4372
-7.6347
-7.8396
-8.051
-8.268
-8.4676
-8.6699
-8.874
-9.0788
-9.2654
-9.4506
-9.6334
-9.8125
-9.9728
-10.128
-10.278
-10.42
-10.544
-10.661
-10.769
-10.869
-10.955
-11.033
-11.1
-11.157
-11.203
-11.238
-11.261
-11.272
-11.271
-11.257
-11.23
-11.191
-11.146
-11.09
-11.025
-10.95
-10.871
-10.784
-10.69
-10.588
-10.483
-10.371
-10.253
-10.131
-10.003
-9.8706
-9.7346
-9.5955
-9.4498
-9.3018
-9.152
-9.001
-8.8423
-8.6834
-8.5247
-8.3668
-8.2008
-8.0367
-7.8751
-7.7164
-7.5499
-7.3878
-7.2305
-7.0785
-6.9201
-6.7687
-6.6244
-6.4878
-6.3462
-6.2142
-6.0921
-5.9798
-5.8612
-5.7563
-5.6652
-5.5878
-5.5267
-5.4777
-5.4408
-5.4157
-5.4024
-5.4006
-5.4102
-5.4311
-5.4616
-5.5021
-5.5527
-5.6131
-5.6836
-5.7638
-5.8536
-5.9529
-6.0666
-6.1904
-6.3241
-6.4675
-6.6324
-6.8081
-6.994
-7.1899
-7.4032
-7.6259
-7.8572
-8.096
-8.3143
-8.5367
-8.7621
-8.9895
-9.1929
-9.3957
-9.5968
-9.7949
-9.9732
-10.147
-10.315
-10.476
-10.615
-10.747
-10.87
-10.985
-11.085
-11.175
-11.256
-11.326
-11.384
-11.431
-11.466
-11.489
-11.5
-11.498
-11.482
-11.453
-11.415
-11.366
-11.306
-11.236
-11.162
-11.078
-10.987
-10.887
-10.783
-10.673
-10.556
-10.433
-10.305
-10.171
-10.034
-9.8919
-9.7437
-9.5924
-9.4386
-9.2828
-9.1191
-8.9545
-8.7893
-8.6242
-8.4504
-8.2778
-8.1068
-7.9381
-7.7606
-7.5866
-7.4167
-7.2514
-7.0785
-6.9117
-6.7514
-6.5979
-6.4388
-6.2883
-6.1468
-6.0144
-5.8763
-5.75
-5.6355
-5.5329
-5.4134
-5.315
-5.2373
-5.18
-5.1468
-5.128
-5.1233
-5.1326
-5.1513
-5.1798
-5.218
-5.2657
-5.3228
-5.3893
-5.4649
-5.5498
-5.6475
-5.7549
-5.8719
-5.9984
-6.1438
-6.2996
-6.4658
-6.6422
-6.8461
-7.0614
-7.2875
-7.5238
-7.7666
-8.0177
-8.2759
-8.5401
-8.7711
-9.0042
-9.2384
-9.4722
-9.6803
-9.8858
-10.088
-10.284
-10.455
-10.62
-10.778
-10.927
-11.056
-11.177
-11.288
-11.389
-11.476
-11.553
-11.618
-11.672
-11.714
-11.743
-11.759
-11.761
-11.751
-11.728
-11.692
-11.643
-11.587
-11.522
-11.446
-11.36
-11.27
-11.172
-11.066
-10.952
-10.834
-10.708
-10.578
-10.441
-10.299
-10.151
-10
-9.8459
-9.6839
-9.5193
-9.3527
-9.1846
-9.0077
-8.8303
-8.653
-8.4764
-8.29
-8.1055
-7.9234
-7.7441
-7.5554
-7.371
-7.1914
-7.017
-6.835
-6.6598
-6.4919
-6.3315
-6.1654
-6.0087
-5.8616
-5.7243
-5.5797
-5.4478
-5.3286
-5.222
-5.1226
-5.037
-4.9651
-4.9065
-4.861
-4.8284
-4.8084
-4.8009
-4.8044
-4.8176
-4.8401
-4.8721
-4.9124
-4.9616
-5.0195
-5.0861
-5.1637
-5.2504
-5.3461
-5.4508
-5.5715
-5.7022
-5.8429
-5.9934
-6.1671
-6.3521
-6.5482
-6.7553
-6.9936
-7.244
-7.5059
-7.7784
-8.048
-8.3252
-8.6087
-8.897
-9.141
-9.3858
-9.6303
-9.8729
-10.088
-10.3
-10.506
-10.705
-10.874
-11.036
-11.189
-11.333
-11.458
-11.573
-11.677
-11.771
-11.85
-11.918
-11.974
-12.016
-12.047
-12.063
-12.065
-12.052
-12.027
-11.99
-11.94
-11.878
-11.81
-11.732
-11.644
-11.547
-11.445
-11.334
-11.216
-11.091
-10.96
-10.823
-10.68
-10.532
-10.377
-10.218
-10.055
-9.8883
-9.7137
-9.5367
-9.358
-9.178
-8.9883
-8.7984
-8.6089
-8.4204
-8.2211
-8.0241
-7.8297
-7.6386
-7.4373
-7.2407
-7.0492
-6.8634
-6.6696
-6.4832
-6.3043
-6.1332
-5.9564
-5.7892
-5.6319
-5.4846
-5.3285
-5.1854
-5.0552
-4.9378
-4.8299
-4.7351
-4.6532
-4.584
-4.5272
-4.4824
-4.4495
-4.4282
-4.4186
-4.4182
-4.4268
-4.4441
-4.4694
-4.5028
-4.5442
-4.5936
-4.6526
-4.7197
-4.7951
-4.8787
-4.9758
-5.082
-5.1973
-5.3217
-5.4663
-5.6216
-5.7875
-5.9641
-6.1689
-6.3863
-6.616
-6.8578
-7.1194
-7.3929
-7.6777
-7.9729
-8.2614
-8.5571
-8.8585
-9.164
-9.4246
-9.6854
-9.9451
-10.202
-10.429
-10.652
-10.868
-11.076
-11.25
-11.416
-11.572
-11.719
-11.845
-11.96
-12.065
-12.157
-12.235
-12.301
-12.353
-12.392
-12.417
-12.427
-12.422
-12.402
-12.37
-12.325
-12.268
-12.199
-12.123
-12.038
-11.942
-11.836
-11.726
-11.607
-11.48
-11.346
-11.206
-11.059
-10.907
-10.749
-10.584
-10.414
-10.241
-10.064
-9.8779
-9.6897
-9.4996
-9.3082
-9.1063
-8.9042
-8.7023
-8.5013
-8.2887
-8.0782
-7.8703
-7.6656
-7.4497
-7.2384
-7.0323
-6.8318
-6.6226
-6.4207
-6.2263
-6.0397
-5.8473
-5.6643
-5.4911
-5.3276
-5.1552
-4.9952
-4.8474
-4.7118
-4.5662
-4.4371
-4.3242
-4.2269
-4.1536
-4.0919
-4.0416
-4.0022
-3.9758
-3.9581
-3.9488
-3.9478
-3.9545
-3.9685
-3.9899
-4.0184
-4.0546
-4.0979
-4.1485
-4.2061
-4.274
-4.3496
-4.433
-4.5242
-4.6309
-4.7465
-4.8714
-5.0054
-5.1637
-5.3334
-5.5146
-5.7073
-5.9338
-6.1745
-6.4293
-6.6982
-6.9716
-7.2575
-7.5554
-7.8646
-8.164
-8.4715
-8.7859
-9.1057
-9.3974
-9.6907
-9.984
-10.276
-10.528
-10.777
-11.019
-11.254
-11.451
-11.641
-11.821
-11.991
-12.135
-12.27
-12.393
-12.503
-12.597
-12.679
-12.747
-12.8
-12.84
-12.864
-12.873
-12.866
-12.845
-12.81
-12.761
-12.698
-12.629
-12.548
-12.456
-12.353
-12.245
-12.128
-12.002
-11.867
-11.726
-11.579
-11.424
-11.263
-11.095
-10.921
-10.743
-10.561
-10.369
-10.175
-9.9776
-9.778
-9.568
-9.3567
-9.1448
-8.9328
-8.7087
-8.4857
-8.2644
-8.0453
-7.8135
-7.5853
-7.3613
-7.142
-6.9118
-6.688
-6.4707
-6.2604
-6.0436
-5.8352
-5.6356
-5.4448
-5.2481
-5.062
-4.8865
-4.7215
-4.5484
-4.3884
-4.2411
-4.1064
-3.9715
-3.8511
-3.7448
-3.652
-3.5855
-3.5276
-3.4781
-3.4368
-3.4043
-3.379
-3.3608
-3.3494
-3.3448
-3.3464
-3.3542
-3.3681
-3.3881
-3.4141
-3.4461
-3.4839
-3.5295
-3.5814
-3.6395
-3.7039
-3.7798
-3.8628
-3.9531
-4.0508
-4.1672
-4.2927
-4.4276
-4.572
-4.7498
-4.9405
-5.1447
-5.3624
-5.6229
-5.9012
-6.1974
-6.5115
-6.7981
-7.0979
-7.4106
-7.7357
-8.0472
-8.368
-8.697
-9.033
-9.3663
-9.7033
-10.042
-10.381
-10.666
-10.947
-11.223
-11.493
-11.721
-11.94
-12.151
-12.35
-12.518
-12.675
-12.821
-12.953
-13.067
-13.167
-13.253
-13.324
-13.381
-13.421
-13.446
-13.453
-13.445
-13.422
-13.383
-13.33
-13.267
-13.192
-13.105
-13.006
-12.9
-12.785
-12.66
-12.525
-12.384
-12.235
-12.078
-11.913
-11.742
-11.564
-11.381
-11.192
-10.995
-10.794
-10.589
-10.38
-10.162
-9.9408
-9.7183
-9.4948
-9.2592
-9.0237
-8.7887
-8.5549
-8.3076
-8.0629
-7.8211
-7.5828
-7.3319
-7.086
-6.8456
-6.611
-6.3684
-6.1332
-5.9056
-5.6858
-5.4632
-5.2496
-5.0451
-4.8497
-4.6461
-4.4533
-4.2713
-4.1
-3.9185
-3.7501
-3.5943
-3.451
-3.335
-3.2279
-3.1295
-3.0394
-2.9646
-2.8962
-2.8341
-2.7781
-2.7285
-2.6845
-2.6458
-2.6124
-2.5837
-2.56
-2.5412
-2.5272
-2.5177
-2.5129
-2.5127
-2.5169
-2.5256
-2.5387
-2.5562
-2.5779
-2.6049
-2.6365
-2.6726
-2.7131
-2.7611
-2.8143
-2.8725
-2.9358
-3.0113
-3.093
-3.1812
-3.276
-3.394
-3.5212
-3.6579
-3.8045
-4.0225
-4.2607
-4.5199
-4.8013
-5.0729
-5.3636
-5.6742
-6.0051
-6.2995
-6.6086
-6.9325
-7.2711
-7.5904
-7.9211
-8.2626
-8.6142
-8.9638
-9.3209
-9.6841
-10.052
-10.399
-10.747
-11.093
-11.436
-11.732
-12.022
-12.304
-12.575
-12.797
-13.008
-13.208
-13.394
-13.552
-13.698
-13.829
-13.945
-14.043
-14.126
-14.192
-14.242
-14.274
-14.288
-14.285
-14.263
-14.228
-14.178
-14.113
-14.034
-13.946
-13.847
-13.736
-13.613
-13.483
-13.344
-13.195
-13.036
-12.871
-12.698
-12.517
-12.329
-12.134
-11.932
-11.725
-11.513
-11.292
-11.067
-10.839
-10.607
-10.365
-10.121
-9.8763
-9.6303
-9.3725
-9.115
-8.8583
-8.603
-8.3355
-8.0706
-7.8088
-7.5506
-7.2834
-7.021
-6.7639
-6.5123
-6.2486
-5.9918
-5.7425
-5.5006
-5.2368
-4.983
-4.7393
-4.5056
-4.2663
-4.0386
-3.8221
-3.6169
-3.4117
-3.2185
-3.0369
-2.8666
-2.7229
-2.5878
-2.4608
-2.3417
-2.2423
-2.1486
-2.0605
-1.9778
-1.9037
-1.8342
-1.769
-1.7081
-1.6523
-1.6002
-1.5517
-1.5067
-1.4653
-1.4271
-1.3918
-1.3595
-1.3299
-1.303
-1.2787
-1.2569
-1.2374
-1.2203
-1.2054
-1.1927
-1.1821
-1.1736
-1.1671
-1.1627
-1.1602
-1.1597
-1.1611
-1.1645
-1.1699
-1.1773
-1.1867
-1.1979
-1.2117
-1.2275
-1.2454
-1.2653
-1.2888
-1.3146
-1.3427
-1.3732
-1.4094
-1.4484
-1.4904
-1.5355
-1.5905
-1.6496
-1.713
-1.7808
-1.8621
-1.9494
-2.0431
-2.1434
-2.2532
-2.3707
-2.4963
-2.6306
-2.7597
-2.8967
-3.0419
-3.1958
-3.3561
-3.5257
-3.7051
-3.8947
-4.103
-4.3235
-4.5567
-4.8032
-5.0844
-5.3823
-5.6975
-6.0307
-6.3445
-6.6733
-7.0172
-7.3763
-7.7186
-8.0734
-8.4402
-8.8187
-9.1925
-9.5756
-9.967
-10.365
-10.79
-11.219
-11.649
-12.079
-12.443
-12.802
-13.155
-13.497
-13.782
-14.057
-14.319
-14.566
-14.771
-14.963
-15.139
-15.299
-15.435
-15.554
-15.656
-15.739
-15.801
-15.845
-15.869
-15.874
-15.86
-15.828
-15.779
-15.713
-15.636
-15.545
-15.439
-15.32
-15.193
-15.054
-14.904
-14.742
-14.573
-14.395
-14.207
-14.01
-13.806
-13.594
-13.375
-13.15
-12.917
-12.678
-12.434
-12.186
-11.93
-11.671
-11.409
-11.144
-10.874
-10.602
-10.328
-10.055
-9.7814
-9.5084
-9.2363
-8.9652
-8.6776
-8.3922
-8.1093
-7.8294
-7.4661
-7.1092
-6.7593
-6.4169
-5.9778
-5.5535
-5.1447
-4.7517
-4.4234
-4.1074
-3.8038
-3.5124
-3.2416
-2.9821
-2.7337
-2.4961
-2.257
-2.0295
-1.813
-1.6072
-1.3939
-1.1924
-1.0021
-0.82247
-0.69796
-0.57861
-0.46419
-0.35448
-0.24929
-0.14839
-0.051589
0.041322
0.12823
0.21181
0.29225
0.36972
0.44327
0.51425
0.58282
0.64913
0.71317
0.77524
0.83547
0.894
0.95127
1.0071
1.0615
1.1148
1.1686
1.2214
1.2733
1.3243
1.3772
1.4294
1.4811
1.5324
1.5858
1.639
1.6922
1.7455
1.8015
1.8579
1.9148
1.9722
2.0333
2.0953
2.1584
2.2228
2.2918
2.3625
2.435
2.5095
2.5901
2.6732
2.7591
2.8478
2.9444
3.0447
3.1487
3.2568
3.3752
3.4986
3.6273
3.7613
3.9096
4.0646
4.2266
4.3959
4.5867
4.7866
4.9961
5.2155
5.4759
5.7498
6.0376
6.3394
6.6431
6.96
7.2902
7.6333
7.9658
8.309
8.662
9.0242
9.3908
9.764
10.142
10.524
10.878
11.231
11.582
11.927
12.228
12.521
12.804
13.075
13.293
13.5
13.695
13.876
14.029
14.168
14.293
14.401
14.491
14.565
14.621
14.66
14.68
14.683
14.667
14.633
14.586
14.525
14.449
14.358
14.26
14.15
14.028
13.895
13.755
13.605
13.445
13.277
13.101
12.918
12.726
12.528
12.322
12.111
11.893
11.671
11.44
11.205
10.967
10.726
10.475
10.222
9.9676
9.7126
9.4469
9.1816
8.9171
8.6541
8.3815
8.1114
7.8443
7.5807
7.3118
7.0474
6.7879
6.5335
6.2382
5.9511
5.6722
5.402
5.1125
4.834
4.5665
4.3102
4.0608
3.8227
3.5959
3.3801
3.1645
2.9606
2.7682
2.5867
2.4312
2.2841
2.1453
2.0143
1.903
1.7977
1.698
1.6037
1.5186
1.438
1.3618
1.2898
1.2232
1.1604
1.101
1.045
0.9927
0.94341
0.897
0.85337
0.81351
0.77602
0.7408
0.70775
0.67672
0.64766
0.62048
0.5951
0.57105
0.54868
0.5279
0.50865
0.49048
0.47374
0.45837
0.44429
0.43113
0.41921
0.40847
0.39886
0.39006
0.38234
0.37567
0.36998
0.36507
0.36114
0.35814
0.35603
0.35474
0.35434
0.35481
0.35612
0.35836
0.36147
0.36543
0.37021
0.37611
0.38289
0.39055
0.39907
0.40896
0.41981
0.43163
0.44442
0.45898
0.47466
0.4915
0.50952
0.52987
0.55163
0.57486
0.5996
0.62758
0.65743
0.68926
0.72315
0.76236
0.8043
0.84914
0.89705
0.94286
0.99146
1.043
1.0977
1.1519
1.2092
1.2697
1.3337
1.4
1.47
1.544
1.622
1.7039
1.7904
1.8816
1.978
2.0799
2.1875
2.3011
2.421
2.5492
2.6845
2.8275
2.9785
3.1424
3.3157
3.4989
3.6924
3.9096
4.1396
4.3833
4.6411
4.9209
5.2171
5.5303
5.8612
6.1747
6.5034
6.8476
7.2075
7.5518
7.9095
8.2804
8.6644
9.0415
9.4296
9.8281
10.236
10.655
11.081
11.514
11.951
12.4
12.849
13.297
13.739
14.121
14.495
14.857
15.205
15.485
15.751
16.002
16.236
16.432
16.611
16.773
16.916
17.033
17.131
17.21
17.268
17.305
17.32
17.314
17.287
17.244
17.183
17.105
17.009
16.904
16.785
16.651
16.504
16.349
16.182
16.004
15.814
15.617
15.411
15.196
14.971
14.741
14.502
14.257
14.005
13.749
13.487
13.22
12.948
12.676
12.4
12.122
11.841
11.572
11.302
11.03
10.758
10.458
10.158
9.8582
9.5595
9.1611
8.7657
8.3741
7.9871
7.4735
6.9707
6.4798
6.0019
5.4965
5.0082
4.5378
4.0854
3.7257
3.3785
3.0439
2.7216
2.4204
2.1305
1.8519
1.5843
1.3196
1.066
0.82308
0.59057
0.33666
0.095313
-0.13404
-0.35199
-0.54204
-0.72345
-0.89669
-1.0622
-1.1978
-1.3284
-1.4541
-1.5754
-1.6964
-1.8131
-1.9258
-2.0346
-2.1435
-2.2488
-2.3508
-2.4499
-2.5495
-2.6465
-2.741
-2.8334
-2.9272
-3.0191
-3.1095
-3.1985
-3.29
-3.3805
-3.4704
-3.5597
-3.6528
-3.7458
-3.839
-3.9327
-4.0315
-4.1313
-4.2323
-4.3346
-4.4441
-4.5556
-4.6692
-4.7853
-4.9111
-5.0401
-5.1723
-5.3081
-5.4571
-5.6106
-5.7686
-5.9314
-6.1127
-6.2999
-6.4928
-6.6915
-6.917
-7.1494
-7.3886
-7.6342
-7.9137
-8.1999
-8.4921
-8.7892
-9.0864
-9.3856
-9.6852
-9.9834
-10.231
-10.475
-10.713
-10.944
-11.137
-11.322
-11.499
-11.666
-11.809
-11.942
-12.065
-12.175
-12.27
-12.353
-12.423
-12.48
-12.523
-12.551
-12.565
-12.563
-12.548
-12.518
-12.475
-12.419
-12.355
-12.28
-12.194
-12.097
-11.995
-11.884
-11.765
-11.637
-11.504
-11.363
-11.215
-11.062
-10.901
-10.736
-10.565
-10.391
-10.208
-10.021
-9.8325
-9.6415
-9.4404
-9.2381
-9.0354
-8.8326
-8.6182
-8.405
-8.1936
-7.9845
-7.7634
-7.546
-7.3328
-7.1244
-6.9058
-6.6936
-6.4881
-6.2896
-6.0845
-5.8881
-5.7006
-5.5221
-5.337
-5.163
-4.9999
-4.8478
-4.6876
-4.5413
-4.4087
-4.2893
-4.1758
-4.0767
-3.9918
-3.9206
-3.8708
-3.8302
-3.7986
-3.7756
-3.7617
-3.7552
-3.7562
-3.7644
-3.7795
-3.8014
-3.8301
-3.8654
-3.9087
-3.9589
-4.016
-4.08
-4.1551
-4.238
-4.3285
-4.4269
-4.5426
-4.6677
-4.8022
-4.9462
-5.1184
-5.3028
-5.4995
-5.7086
-5.9552
-6.2174
-6.495
-6.7879
-7.069
-7.3623
-7.6673
-7.9832
-8.2905
-8.6058
-8.9277
-9.2548
-9.5535
-9.8535
-10.153
-10.451
-10.709
-10.962
-11.209
-11.447
-11.647
-11.838
-12.019
-12.189
-12.335
-12.469
-12.592
-12.702
-12.795
-12.875
-12.941
-12.993
-13.03
-13.051
-13.057
-13.046
-13.021
-12.983
-12.93
-12.864
-12.791
-12.706
-12.611
-12.504
-12.392
-12.271
-12.14
-12.002
-11.857
-11.705
-11.546
-11.38
-11.207
-11.029
-10.846
-10.659
-10.463
-10.263
-10.061
-9.8564
-9.641
-9.4245
-9.2072
-8.9899
-8.7601
-8.5314
-8.3044
-8.0795
-7.8416
-7.6073
-7.3771
-7.1515
-6.9149
-6.6845
-6.4606
-6.2437
-6.0203
-5.8054
-5.5991
-5.4015
-5.1986
-5.006
-4.8237
-4.6517
-4.4709
-4.3027
-4.1469
-4.0033
-3.8568
-3.7248
-3.6066
-3.5018
-3.4261
-3.3588
-3.2995
-3.248
-3.2056
-3.17
-3.141
-3.1184
-3.1022
-3.0919
-3.0877
-3.0892
-3.0963
-3.109
-3.1271
-3.1506
-3.1803
-3.2156
-3.2565
-3.3029
-3.3578
-3.4189
-3.4862
-3.5596
-3.6465
-3.7409
-3.8428
-3.9524
-4.0858
-4.2295
-4.3837
-4.5485
-4.7619
-4.9917
-5.2384
-5.5025
-5.774
-6.0624
-6.3676
-6.6899
-6.9858
-7.2943
-7.6152
-7.9477
-8.2698
-8.6008
-8.9395
-9.2847
-9.6247
-9.9677
-10.312
-10.655
-10.945
-11.232
-11.512
-11.784
-12.013
-12.233
-12.443
-12.641
-12.809
-12.965
-13.109
-13.239
-13.35
-13.447
-13.53
-13.597
-13.649
-13.685
-13.703
-13.705
-13.69
-13.661
-13.616
-13.556
-13.488
-13.407
-13.314
-13.209
-13.098
-12.976
-12.845
-12.704
-12.557
-12.401
-12.238
-12.067
-11.89
-11.705
-11.516
-11.32
-11.117
-10.909
-10.697
-10.482
-10.256
-10.029
-9.7996
-9.5694
-9.3269
-9.0846
-8.8428
-8.6022
-8.3481
-8.0965
-7.8478
-7.6026
-7.345
-7.0923
-6.8451
-6.6035
-6.3551
-6.1137
-5.8798
-5.6535
-5.427
-5.2089
-4.9995
-4.7987
-4.582
-4.3763
-4.1815
-3.9975
-3.8072
-3.6294
-3.4638
-3.3101
-3.1839
-3.0664
-2.9573
-2.8562
-2.7742
-2.698
-2.6274
-2.5622
-2.503
-2.4487
-2.3992
-2.3544
-2.3134
-2.2769
-2.2448
-2.2168
-2.1922
-2.1718
-2.1554
-2.1429
-2.134
-2.1291
-2.1279
-2.1305
-2.1368
-2.1468
-2.1604
-2.1776
-2.1992
-2.2246
-2.2537
-2.2866
-2.3256
-2.3689
-2.4164
-2.4681
-2.5296
-2.5963
-2.6683
-2.7457
-2.8417
-2.9453
-3.0566
-3.176
-3.3355
-3.5083
-3.6951
-3.8967
-4.1171
-4.3542
-4.6089
-4.882
-5.1569
-5.4495
-5.7603
-6.0898
-6.392
-6.7087
-7.04
-7.3858
-7.7143
-8.0543
-8.4052
-8.7663
-9.126
-9.4935
-9.8672
-10.246
-10.61
-10.975
-11.339
-11.7
-12.01
-12.315
-12.61
-12.895
-13.127
-13.349
-13.558
-13.754
-13.92
-14.072
-14.21
-14.333
-14.436
-14.523
-14.593
-14.646
-14.681
-14.697
-14.696
-14.675
-14.641
-14.591
-14.525
-14.444
-14.356
-14.255
-14.141
-14.016
-13.884
-13.741
-13.588
-13.426
-13.257
-13.08
-12.894
-12.701
-12.501
-12.294
-12.082
-11.864
-11.637
-11.406
-11.172
-10.934
-10.686
-10.436
-10.184
-9.9316
-9.6682
-9.4046
-9.1415
-8.8794
-8.6072
-8.3371
-8.0696
-7.8052
-7.5365
-7.2719
-7.0117
-6.7562
-6.4641
-6.1793
-5.9021
-5.6327
-5.3393
-5.0564
-4.7841
-4.5225
-4.2628
-4.0146
-3.7777
-3.5521
-3.3309
-3.1212
-2.9226
-2.735
-2.5651
-2.4045
-2.253
-2.1102
-1.9911
-1.8783
-1.7715
-1.6706
-1.5802
-1.4946
-1.4136
-1.3371
-1.2666
-1.1999
-1.1369
-1.0774
-1.0219
-0.96953
-0.92019
-0.87374
-0.83107
-0.79089
-0.7531
-0.71758
-0.68445
-0.65336
-0.62422
-0.59692
-0.57101
-0.54684
-0.52431
-0.50334
-0.48348
-0.4651
-0.44811
-0.43245
-0.41771
-0.40423
-0.39195
-0.38081
-0.37047
-0.36122
-0.35301
-0.3458
-0.33932
-0.33381
-0.32921
-0.3255
-0.32252
-0.32042
-0.31915
-0.31869
-0.31904
-0.3202
-0.32216
-0.32489
-0.32858
-0.33308
-0.33838
-0.34446
-0.35168
-0.35975
-0.36867
-0.37844
-0.38966
-0.40184
-0.415
-0.42916
-0.44522
-0.46246
-0.4809
-0.5006
-0.5228
-0.54652
-0.57182
-0.59877
-0.62918
-0.66165
-0.6963
-0.73325
-0.77293
-0.81524
-0.86034
-0.90841
-0.95445
-1.0032
-1.0548
-1.1095
-1.1646
-1.2227
-1.2841
-1.349
-1.4167
-1.4881
-1.5635
-1.643
-1.7268
-1.8151
-1.9084
-2.0069
-2.1113
-2.2215
-2.3379
-2.4608
-2.5923
-2.7313
-2.8781
-3.0332
-3.202
-3.3805
-3.5693
-3.7688
-3.994
-4.2327
-4.4856
-4.7534
-5.0363
-5.3355
-5.6514
-5.9848
-6.301
-6.6322
-6.9785
-7.3403
-7.6875
-8.0479
-8.4213
-8.8075
-9.188
-9.5793
-9.9809
-10.392
-10.815
-11.246
-11.683
-12.124
-12.572
-13.02
-13.465
-13.904
-14.286
-14.658
-15.018
-15.363
-15.639
-15.901
-16.148
-16.377
-16.569
-16.744
-16.902
-17.04
-17.153
-17.247
-17.321
-17.374
-17.405
-17.416
-17.406
-17.374
-17.327
-17.262
-17.18
-17.081
-16.973
-16.85
-16.713
-16.562
-16.404
-16.235
-16.053
-15.86
-15.661
-15.452
-15.233
-15.006
-14.773
-14.533
-14.285
-14.03
-13.772
-13.508
-13.24
-12.966
-12.693
-12.417
-12.138
-11.856
-11.59
-11.322
-11.053
-10.783
-10.473
-10.163
-9.8534
-9.5447
-9.137
-8.7325
-8.332
-7.9363
-7.4067
-6.8887
-6.3835
-5.8921
-5.3939
-4.9125
-4.4484
-4.002
-3.6425
-3.2954
-2.9608
-2.6386
-2.3366
-2.046
-1.7666
-1.4982
-1.2328
-0.9784
-0.73474
-0.50144
-0.24675
-0.0045777
0.22565
0.44452
0.63572
0.81831
0.99271
1.1594
1.2988
1.433
1.5621
1.6866
1.8103
1.9295
2.0446
2.1557
2.2667
2.374
2.478
2.579
2.6805
2.7792
2.8755
2.9696
3.0651
3.1588
3.251
3.3417
3.435
3.5274
3.6191
3.7103
3.8054
3.9004
3.9957
4.0915
4.1927
4.2948
4.3982
4.503
4.6152
4.7295
4.846
4.9649
5.094
5.2262
5.3618
5.501
5.6539
5.8113
5.9732
6.1397
6.3255
6.5169
6.714
6.9167
7.146
7.3818
7.6239
7.8719
8.148
8.4298
8.7162
9.006
9.284
9.5625
9.84
10.115
10.346
10.573
10.794
11.008
11.187
11.358
11.52
11.672
11.804
11.925
12.035
12.133
12.217
12.288
12.346
12.391
12.422
12.439
12.44
12.426
12.4
12.36
12.308
12.243
12.171
12.089
11.997
11.895
11.787
11.671
11.547
11.415
11.278
11.134
10.983
10.827
10.664
10.496
10.324
10.149
9.9645
9.7775
9.5885
9.3978
9.1969
8.9954
8.7939
8.5931
8.3806
8.17
7.9618
7.7566
7.5398
7.3274
7.12
6.9179
6.7066
6.5024
6.3055
6.1162
5.9208
5.7347
5.5581
5.391
5.2159
5.0527
4.9013
4.7617
4.6133
4.4804
4.3627
4.2598
4.1765
4.1055
4.0464
3.9991
3.9662
3.9423
3.9271
3.9206
3.9221
3.931
3.9473
3.9708
4.0017
4.0396
4.0847
4.1368
4.1984
4.2677
4.3445
4.4288
4.5275
4.6348
4.7509
4.8759
5.0234
5.1818
5.3511
5.5315
5.7449
5.9722
6.2133
6.4681
6.737
7.0194
7.3147
7.6225
7.9168
8.2203
8.5317
8.85
9.152
9.4572
9.764
10.071
10.332
10.59
10.843
11.09
11.3
11.502
11.696
11.879
12.035
12.181
12.316
12.439
12.544
12.637
12.716
12.782
12.834
12.871
12.892
12.898
12.89
12.866
12.828
12.776
12.715
12.643
12.559
12.464
12.363
12.252
12.133
12.004
11.87
11.727
11.578
11.422
11.259
11.09
10.916
10.737
10.55
10.359
10.165
9.9676
9.7606
9.5519
9.342
9.1316
8.9093
8.6876
8.4671
8.2482
8.0166
7.788
7.563
7.3422
7.1098
6.883
6.6625
6.4483
6.2267
6.0131
5.8079
5.6111
5.409
5.217
5.035
4.8633
4.6819
4.5131
4.3567
4.2126
4.0871
3.9722
3.8674
3.7726
3.6874
3.6116
3.5449
3.487
3.4399
3.4003
3.3681
3.3431
3.3253
3.3141
3.3093
3.3109
3.3186
3.3323
3.3518
3.3772
3.4092
3.4473
3.4913
3.5412
3.6003
3.666
3.7383
3.8173
3.9105
4.0116
4.1208
4.2382
4.3803
4.533
4.6967
4.8716
5.091
5.3264
5.5781
5.8465
6.1196
6.4082
6.7123
7.0318
7.3293
7.6384
7.9584
8.2885
8.6142
8.9473
9.2863
9.6298
9.943
10.257
10.569
10.879
11.147
11.411
11.666
11.912
12.115
12.308
12.491
12.662
12.808
12.942
13.063
13.17
13.26
13.337
13.398
13.444
13.474
13.487
13.484
13.464
13.431
13.383
13.322
13.247
13.165
13.072
12.967
12.851
12.73
12.599
12.459
12.311
12.156
11.993
11.824
11.648
11.465
11.276
11.082
10.884
10.676
10.465
10.252
10.036
9.8084
9.58
9.3508
9.1215
8.8794
8.6383
8.3988
8.1613
7.9104
7.663
7.4196
7.1807
6.9306
6.6865
6.4488
6.2179
5.9818
5.7537
5.5339
5.3224
5.1083
4.9037
4.7087
4.5232
4.3235
4.1359
3.9602
3.7961
3.6614
3.5353
3.4174
3.3077
3.2058
3.1115
3.0245
2.9448
2.875
2.8113
2.7536
2.7016
2.6553
2.6143
2.5785
2.5478
2.5214
2.5
2.4834
2.4713
2.4637
2.4606
2.462
2.4676
2.4777
2.492
2.5106
2.5334
2.5615
2.5941
2.6311
2.6725
2.7215
2.7756
2.8348
2.899
2.9757
3.0587
3.1482
3.2444
3.3649
3.495
3.6348
3.7848
4.0133
4.2635
4.5366
4.8337
5.1078
5.4011
5.7141
6.0472
6.3434
6.6542
6.9796
7.3196
7.6409
7.9734
8.3167
8.67
9.022
9.3813
9.7467
10.116
10.465
10.813
11.16
11.503
11.8
12.09
12.372
12.644
12.865
13.076
13.274
13.46
13.618
13.762
13.893
14.008
14.105
14.186
14.251
14.299
14.33
14.343
14.338
14.314
14.277
14.226
14.159
14.078
13.989
13.888
13.775
13.651
13.52
13.379
13.228
13.068
12.902
12.727
12.545
12.356
12.159
11.956
11.747
11.534
11.311
11.085
10.855
10.622
10.379
10.134
9.8871
9.6399
9.3808
9.1221
8.8643
8.6078
8.3394
8.0735
7.8108
7.5517
7.2842
7.0215
6.764
6.512
6.2442
5.9837
5.7306
5.4852
5.218
4.9609
4.714
4.4774
4.2368
4.0076
3.7899
3.5832
3.3766
3.1819
2.9988
2.827
2.6817
2.545
2.4164
2.2957
2.1947
2.0994
2.0098
1.9255
1.8499
1.7789
1.7122
1.6497
1.5924
1.5389
1.4889
1.4424
1.3994
1.3596
1.3228
1.2889
1.2577
1.2291
1.2032
1.1797
1.1584
1.1394
1.1227
1.1082
1.0955
1.0849
1.0764
1.0698
1.065
1.0621
1.0611
1.0618
1.0644
1.0687
1.0748
1.0826
1.0926
1.1044
1.118
1.1334
1.1517
1.1721
1.1944
1.2187
1.2474
1.2785
1.312
1.348
1.3918
1.4388
1.4892
1.5432
1.6076
1.6767
1.7507
1.8298
1.9259
2.0294
2.1405
2.2599
2.3716
2.4902
2.6163
2.7503
2.8856
3.0287
3.1802
3.3405
3.5114
3.6921
3.8832
4.0851
4.3114
4.551
4.8045
5.0725
5.3623
5.6685
5.9916
6.3321
6.6535
6.9894
7.3398
7.7047
8.0549
8.4171
8.7907
9.1752
9.559
9.9514
10.351
10.757
11.178
11.601
12.025
12.446
12.804
13.156
13.499
13.831
14.104
14.365
14.613
14.846
15.041
15.221
15.386
15.533
15.658
15.765
15.854
15.924
15.973
16.004
16.014
16.004
15.978
15.934
15.873
15.795
15.708
15.607
15.491
15.362
15.226
15.079
14.92
14.749
14.573
14.386
14.191
13.986
13.775
13.557
13.331
13.099
12.86
12.616
12.366
12.113
11.852
11.589
11.323
11.054
10.781
10.507
10.232
9.9568
9.6871
9.4178
9.1495
8.8825
8.5822
8.2845
7.9897
7.6983
7.3047
6.9189
6.5416
6.1735
5.7256
5.2936
4.8782
4.4798
4.1595
3.8513
3.5551
3.271
3.003
2.7463
2.5007
2.2658
2.027
1.7998
1.5837
1.3784
1.1676
0.9684
0.78019
0.60239
0.45687
0.31832
0.18639
0.06072
-0.040458
-0.13765
-0.23107
-0.32089
-0.40491
-0.48589
-0.56402
-0.63945
-0.71166
-0.78155
-0.84925
-0.91491
-0.97873
-1.0408
-1.1012
-1.1601
-1.2199
-1.2783
-1.3354
-1.3915
-1.4494
-1.5063
-1.5625
-1.618
-1.6756
-1.7328
-1.7897
-1.8464
-1.9059
-1.9654
-2.0253
-2.0855
-2.1493
-2.2138
-2.2792
-2.3457
-2.4168
-2.4893
-2.5635
-2.6396
-2.7216
-2.806
-2.8929
-2.9825
-3.08
-3.1809
-3.2854
-3.3937
-3.5124
-3.6359
-3.7644
-3.898
-4.046
-4.2003
-4.3615
-4.5296
-4.7191
-4.9175
-5.125
-5.342
-5.599
-5.8689
-6.1518
-6.448
-6.7496
-7.064
-7.391
-7.7304
-8.061
-8.4015
-8.7514
-9.1096
-9.4758
-9.8477
-10.224
-10.602
-10.94
-11.275
-11.607
-11.932
-12.212
-12.483
-12.744
-12.994
-13.198
-13.391
-13.571
-13.738
-13.88
-14.008
-14.121
-14.218
-14.298
-14.362
-14.408
-14.436
-14.447
-14.44
-14.416
-14.374
-14.321
-14.254
-14.173
-14.078
-13.976
-13.862
-13.737
-13.601
-13.459
-13.307
-13.146
-12.976
-12.799
-12.615
-12.423
-12.225
-12.019
-11.808
-11.591
-11.37
-11.14
-10.906
-10.669
-10.43
-10.18
-9.9288
-9.6768
-9.4245
-9.1606
-8.8975
-8.6358
-8.376
-8.1053
-7.8377
-7.5736
-7.3136
-7.0491
-6.7896
-6.5355
-6.2871
-6.008
-5.7372
-5.4748
-5.2212
-4.951
-4.6917
-4.4434
-4.2059
-3.9721
-3.7497
-3.5385
-3.3383
-3.1332
-2.9405
-2.7596
-2.5902
-2.4557
-2.3287
-2.2091
-2.0966
-2.0002
-1.9092
-1.8234
-1.7426
-1.6694
-1.6004
-1.5356
-1.4748
-1.4187
-1.3661
-1.3169
-1.271
-1.2283
-1.1887
-1.1518
-1.1177
-1.0861
-1.057
-1.0303
-1.0059
-0.98379
-0.96381
-0.94586
-0.92987
-0.91576
-0.90347
-0.89291
-0.88404
-0.87661
-0.87084
-0.86666
-0.86403
-0.86289
-0.8633
-0.86523
-0.86863
-0.8737
-0.88029
-0.88838
-0.89796
-0.90956
-0.92276
-0.93753
-0.95387
-0.97295
-0.9938
-1.0164
-1.0409
-1.0697
-1.1007
-1.134
-1.1697
-1.2126
-1.2586
-1.3079
-1.3605
-1.4228
-1.4896
-1.5611
-1.6376
-1.7212
-1.8105
-1.906
-2.008
-2.1059
-2.2097
-2.3198
-2.4365
-2.5561
-2.6825
-2.8162
-2.9576
-3.1076
-3.2662
-3.4338
-3.6107
-3.8048
-4.01
-4.2269
-4.4562
-4.7251
-5.0104
-5.313
-5.6335
-5.9406
-6.2634
-6.6023
-6.9573
-7.2939
-7.644
-8.0075
-8.384
-8.751
-9.1288
-9.5166
-9.9137
-10.321
-10.734
-11.153
-11.576
-11.984
-12.39
-12.794
-13.191
-13.538
-13.876
-14.202
-14.513
-14.761
-14.996
-15.217
-15.421
-15.593
-15.749
-15.889
-16.01
-16.109
-16.189
-16.25
-16.292
-16.312
-16.314
-16.296
-16.257
-16.206
-16.138
-16.054
-15.954
-15.846
-15.724
-15.59
-15.442
-15.288
-15.122
-14.946
-14.759
-14.566
-14.364
-14.153
-13.934
-13.709
-13.477
-13.238
-12.994
-12.743
-12.487
-12.227
-11.964
-11.695
-11.424
-11.151
-10.876
-10.602
-10.327
-10.053
-9.7778
-9.501
-9.2251
-8.9505
-8.6775
-8.3218
-7.9701
-7.6231
-7.2813
-6.8286
-6.3875
-5.9588
-5.5433
-5.1402
-4.7513
-4.3769
-4.017
-3.706
-3.4069
-3.1194
-2.8435
-2.5778
-2.3233
-2.0798
-1.8469
-1.6062
-1.3773
-1.1596
-0.95284
-0.7878
-0.62974
-0.47839
-0.33347
-0.19468
-0.061766
0.065562
0.18757
0.2973
0.40281
0.50433
0.60206
0.69319
0.78116
0.86614
0.94831
1.0269
1.1032
1.1771
1.249
1.3219
1.393
1.4622
1.5297
1.5988
1.6665
1.7328
1.7979
1.8649
1.931
1.9963
2.061
2.1281
2.1949
2.2616
2.3283
2.3982
2.4685
2.5393
2.6108
2.6867
2.7637
2.842
2.9217
3.0072
3.0948
3.1845
3.2766
3.3764
3.4792
3.5852
3.6947
3.8145
3.9386
4.0673
4.2007
4.3483
4.5019
4.6616
4.8278
5.0151
5.2105
5.4142
5.6265
5.8763
6.1375
6.4103
6.6948
6.9917
7.3003
7.6202
7.951
8.2772
8.612
8.9546
9.3038
9.6647
10.029
10.396
10.761
11.065
11.364
11.657
11.943
12.182
12.412
12.632
12.841
13.016
13.179
13.33
13.467
13.583
13.686
13.774
13.847
13.903
13.942
13.964
13.969
13.958
13.931
13.888
13.829
13.762
13.681
13.588
13.483
13.372
13.249
13.117
12.974
12.826
12.668
12.503
12.33
12.15
11.963
11.77
11.571
11.364
11.153
10.937
10.718
10.489
10.257
10.024
9.7885
9.5416
9.2944
9.0475
8.8014
8.5422
8.285
8.0305
7.779
7.5153
7.2562
7.0019
6.753
6.4979
6.2494
6.0077
5.7732
5.5306
5.2965
5.0711
4.8543
4.62
4.3967
4.1845
3.9833
3.781
3.5906
3.4118
3.2444
3.095
2.9554
2.825
2.7037
2.6067
2.5159
2.431
2.3519
2.2823
2.2174
2.1572
2.1014
2.0511
2.0047
1.9622
1.9233
1.8881
1.8563
1.8278
1.8025
1.7796
1.7599
1.7433
1.7298
1.7189
1.7111
1.7063
1.7045
1.7057
1.7097
1.7167
1.7265
1.7396
1.7556
1.7745
1.7963
1.8224
1.8518
1.8843
1.9199
1.9621
2.0081
2.0579
2.1115
2.1766
2.2468
2.3222
2.4029
2.5041
2.6132
2.7305
2.8564
3.0202
3.1978
3.3901
3.5979
3.7839
3.9819
4.1925
4.4165
4.6577
4.9138
5.1854
5.473
5.7662
6.0752
6.4004
6.7418
7.0639
7.3992
7.7476
8.1088
8.4593
8.8199
9.1899
9.5683
9.9578
10.353
10.752
11.153
11.512
11.869
12.221
12.566
12.861
13.148
13.423
13.686
13.9
14.102
14.29
14.463
14.611
14.743
14.859
14.959
15.039
15.102
15.147
15.173
15.18
15.169
15.14
15.093
15.034
14.962
14.874
14.772
14.663
14.542
14.408
14.263
14.112
13.951
13.78
13.599
13.412
13.217
13.015
12.805
12.588
12.365
12.137
11.904
11.662
11.416
11.168
10.916
10.655
10.393
10.13
9.8656
9.5934
9.3216
9.0506
8.7809
8.5086
8.2386
7.9713
7.7069
7.4093
7.1166
6.8291
6.5472
6.2152
5.8924
5.579
5.2755
4.9524
4.6418
4.3436
4.058
3.7965
3.5464
3.3074
3.0794
2.8517
2.6356
2.4307
2.2366
2.0505
1.8748
1.7091
1.5527
1.4194
1.2931
1.1736
1.0604
0.95953
0.8638
0.77297
0.6868
0.61397
0.54446
0.47812
0.41478
0.35565
0.29911
0.24502
0.19326
0.1437
0.096224
0.050705
0.0070339
-0.035216
-0.075812
-0.11486
-0.15247
-0.1892
-0.22465
-0.25892
-0.29209
-0.32482
-0.35659
-0.3875
-0.41763
-0.44768
-0.47709
-0.50592
-0.53427
-0.56288
-0.59113
-0.6191
-0.64687
-0.67522
-0.70351
-0.7318
-0.76016
-0.78946
-0.81898
-0.84881
-0.87899
-0.91048
-0.9425
-0.97513
-1.0084
-1.0435
-1.0794
-1.1163
-1.1542
-1.1953
-1.2377
-1.2815
-1.3268
-1.376
-1.4271
-1.4801
-1.5353
-1.5952
-1.6576
-1.7228
-1.7909
-1.8645
-1.9417
-2.0224
-2.107
-2.1984
-2.2943
-2.395
-2.5008
-2.615
-2.7352
-2.8615
-2.9944
-3.1389
-3.2912
-3.4515
-3.6202
-3.8072
-4.0045
-4.2126
-4.432
-4.6881
-4.9593
-5.2462
-5.5494
-5.8527
-6.1717
-6.5067
-6.8579
-7.1915
-7.5386
-7.8992
-8.273
-8.6366
-9.0112
-9.3959
-9.7899
-10.192
-10.602
-11.017
-11.435
-11.841
-12.246
-12.647
-13.044
-13.389
-13.725
-14.05
-14.361
-14.61
-14.845
-15.066
-15.271
-15.445
-15.602
-15.743
-15.866
-15.966
-16.049
-16.112
-16.156
-16.18
-16.184
-16.168
-16.132
-16.083
-16.017
-15.935
-15.838
-15.732
-15.613
-15.481
-15.335
-15.184
-15.021
-14.847
-14.662
-14.472
-14.272
-14.064
-13.847
-13.624
-13.394
-13.158
-12.916
-12.667
-12.413
-12.155
-11.894
-11.627
-11.357
-11.085
-10.811
-10.537
-10.262
-9.9871
-9.712
-9.439
-9.1668
-8.896
-8.6268
-8.2844
-7.9459
-7.6118
-7.2826
-6.8444
-6.4172
-6.0017
-5.5987
-5.1984
-4.8121
-4.4403
-4.0831
-3.775
-3.4787
-3.194
-2.9209
-2.6579
-2.4061
-2.1652
-1.9351
-1.6966
-1.47
-1.2547
-1.0503
-0.88759
-0.73183
-0.5828
-0.44021
-0.30377
-0.17321
-0.048249
0.071392
0.17785
0.28018
0.37858
0.47327
0.56162
0.64685
0.72914
0.80865
0.88473
0.95843
1.0299
1.0993
1.1679
1.2348
1.2999
1.3634
1.4286
1.4924
1.5549
1.6163
1.6794
1.7417
1.8031
1.8639
1.927
1.9896
2.0521
2.1145
2.1799
2.2456
2.3116
2.3783
2.4488
2.5204
2.593
2.667
2.7461
2.8271
2.91
2.995
3.0869
3.1815
3.2791
3.3798
3.4897
3.6034
3.7213
3.8436
3.9782
4.1183
4.264
4.4156
4.5849
4.7616
4.946
5.1383
5.3595
5.591
5.833
6.0857
6.372
6.6711
6.9832
7.3082
7.6239
7.9503
8.2868
8.6326
8.9801
9.3346
9.6946
10.059
10.4
10.742
11.082
11.418
11.708
11.992
12.267
12.532
12.747
12.952
13.145
13.325
13.478
13.618
13.745
13.856
13.949
14.027
14.089
14.134
14.162
14.172
14.165
14.139
14.101
14.048
13.98
13.898
13.809
13.708
13.595
13.47
13.34
13.199
13.049
12.89
12.724
12.551
12.37
12.182
11.986
11.785
11.578
11.367
11.146
10.922
10.694
10.463
10.222
9.9795
9.7356
9.491
9.2343
8.9782
8.7231
8.4697
8.2036
7.9405
7.6807
7.4248
7.1595
6.8994
6.6448
6.3961
6.1395
5.8901
5.6481
5.4137
5.1588
4.9138
4.6788
4.4538
4.2225
4.0027
3.7942
3.5969
3.3972
3.2098
3.0343
2.8703
2.7377
2.6131
2.4962
2.3868
2.2948
2.2083
2.1272
2.0514
1.9833
1.9196
1.8602
1.8049
1.7544
1.7077
1.6644
1.6246
1.5882
1.555
1.5247
1.4974
1.4728
1.451
1.4317
1.4151
1.4006
1.3886
1.3791
1.3718
1.3666
1.3639
1.3635
1.3655
1.3698
1.3764
1.3853
1.3964
1.4104
1.4267
1.4454
1.4664
1.4914
1.519
1.5493
1.5822
1.6212
1.6634
1.709
1.7578
1.818
1.8829
1.9525
2.027
2.1171
2.214
2.318
2.4295
2.5568
2.6936
2.8403
2.9975
3.1464
3.3046
3.4725
3.6506
3.8376
4.0357
4.2453
4.4671
4.7201
4.9883
5.2725
5.5733
5.8735
6.1893
6.5212
6.8693
7.1986
7.5412
7.8969
8.2653
8.6239
8.9928
9.3712
9.7581
10.157
10.562
10.97
11.381
11.756
12.129
12.496
12.857
13.167
13.468
13.757
14.032
14.256
14.467
14.664
14.845
14.999
15.138
15.26
15.365
15.449
15.516
15.563
15.592
15.601
15.592
15.564
15.518
15.46
15.386
15.298
15.195
15.084
14.961
14.826
14.678
14.524
14.36
14.185
14.001
13.81
13.611
13.404
13.19
12.969
12.741
12.508
12.269
12.023
11.773
11.519
11.262
10.997
10.731
10.462
10.193
9.9194
9.6453
9.3717
9.099
8.831
8.5646
8.3003
8.0383
7.7233
7.4127
7.1071
6.8068
6.4182
6.0403
5.6738
5.3192
4.9709
4.6354
4.313
4.0037
3.7254
3.4584
3.2028
2.9583
2.7174
2.4877
2.2691
2.0612
1.8414
1.6339
1.4382
1.2538
1.0948
0.94438
0.802
0.66728
0.55896
0.45558
0.35689
0.26266
0.18054
0.10175
0.026111
-0.04653
-0.11536
-0.18159
-0.24537
-0.30683
-0.36599
-0.42311
-0.47834
-0.5318
-0.5839
-0.63445
-0.68358
-0.73139
-0.77852
-0.82454
-0.86954
-0.91363
-0.95759
-1.0008
-1.0434
-1.0855
-1.1286
-1.1713
-1.2138
-1.2561
-1.3005
-1.3449
-1.3894
-1.4341
-1.4815
-1.5292
-1.5776
-1.6266
-1.679
-1.7323
-1.7868
-1.8425
-1.9024
-1.9639
-2.0272
-2.0924
-2.163
-2.236
-2.3116
-2.3899
-2.4751
-2.5636
-2.6557
-2.7515
-2.8562
-2.9654
-3.0794
-3.1985
-3.3291
-3.4659
-3.6091
-3.7591
-3.9254
-4.1
-4.2832
-4.4755
-4.6951
-4.9263
-5.1695
-5.4251
-5.7135
-6.0171
-6.3362
-6.671
-6.9907
-7.3235
-7.6693
-8.0279
-8.3765
-8.7353
-9.1037
-9.4807
-9.867
-10.259
-10.656
-11.055
-11.419
-11.781
-12.138
-12.489
-12.791
-13.085
-13.367
-13.637
-13.856
-14.063
-14.256
-14.434
-14.586
-14.722
-14.843
-14.947
-15.032
-15.099
-15.148
-15.179
-15.19
-15.184
-15.159
-15.115
-15.06
-14.991
-14.906
-14.807
-14.7
-14.581
-14.45
-14.308
-14.159
-13.999
-13.83
-13.652
-13.466
-13.273
-13.072
-12.864
-12.648
-12.427
-12.199
-11.967
-11.727
-11.482
-11.234
-10.983
-10.724
-10.462
-10.199
-9.9354
-9.6636
-9.392
-9.121
-8.8513
-8.5786
-8.3081
-8.0401
-7.775
-7.4794
-7.1885
-6.9027
-6.6223
-6.2915
-5.9695
-5.6567
-5.3535
-5.025
-4.7091
-4.4058
-4.1152
-3.8508
-3.5978
-3.356
-3.1252
-2.8958
-2.678
-2.4712
-2.2753
-2.0847
-1.9047
-1.7349
-1.5748
-1.4386
-1.3096
-1.1875
-1.072
-0.96924
-0.87172
-0.77919
-0.69142
-0.61734
-0.54664
-0.47916
-0.41473
-0.35478
-0.29744
-0.24259
-0.19009
-0.13984
-0.091695
-0.045528
-0.0012259
0.041623
0.082803
0.12242
0.16058
0.19785
0.23383
0.2686
0.30227
0.33549
0.36775
0.39913
0.42973
0.46025
0.49011
0.5194
0.54819
0.57725
0.60595
0.63437
0.66257
0.69137
0.72011
0.74885
0.77766
0.80741
0.8374
0.86768
0.89833
0.93029
0.9628
0.99591
1.0297
1.0654
1.102
1.1396
1.1782
1.22
1.2632
1.3078
1.354
1.4041
1.4561
1.5101
1.5663
1.6273
1.6909
1.7573
1.8266
1.9016
1.9801
2.0624
2.1486
2.2417
2.3394
2.442
2.5497
2.6662
2.7887
2.9175
3.053
3.2005
3.3559
3.5195
3.6918
3.8832
4.0852
4.2983
4.5229
4.7874
5.0676
5.3641
5.6775
5.9841
6.3061
6.644
6.9978
7.3341
7.6837
8.0465
8.4221
8.7888
9.1661
9.553
9.9489
10.356
10.771
11.189
11.611
12.008
12.404
12.795
13.18
13.514
13.837
14.149
14.447
14.686
14.912
15.123
15.319
15.484
15.633
15.765
15.88
15.972
16.046
16.101
16.136
16.151
16.147
16.124
16.081
16.025
15.954
15.866
15.764
15.653
15.529
15.393
15.243
15.088
14.921
14.743
14.556
14.362
14.159
13.948
13.729
13.503
13.271
13.033
12.789
12.538
12.283
12.023
11.76
11.492
11.222
10.949
10.675
10.401
10.127
9.8519
9.5776
9.3009
9.0252
8.7511
8.4789
8.1287
7.7828
7.4419
7.1065
6.6623
6.23
5.8106
5.4045
5.0208
4.6507
4.2945
3.9523
3.6516
3.3625
3.0849
2.8186
2.5602
2.313
2.0767
1.851
1.614
1.3891
1.1757
0.9735
0.82008
0.67312
0.53236
0.39753
0.26839
0.14467
0.026115
-0.087519
-0.19092
-0.29034
-0.38596
-0.47801
-0.5642
-0.64737
-0.72768
-0.80531
-0.87972
-0.95181
-1.0217
-1.0896
-1.1569
-1.2223
-1.286
-1.3483
-1.4122
-1.4748
-1.5362
-1.5964
-1.6585
-1.7196
-1.7801
-1.84
-1.9021
-1.9639
-2.0256
-2.0872
-2.1518
-2.2167
-2.2821
-2.3481
-2.418
-2.4889
-2.561
-2.6344
-2.713
-2.7935
-2.8759
-2.9604
-3.0519
-3.1461
-3.2433
-3.3436
-3.4531
-3.5665
-3.6841
-3.8061
-3.9404
-4.0802
-4.2256
-4.3771
-4.5461
-4.7226
-4.9068
-5.099
-5.32
-5.5514
-5.7934
-6.0462
-6.3326
-6.6321
-6.9446
-7.2702
-7.5862
-7.9129
-8.25
-8.5965
-8.944
-9.2986
-9.659
-10.024
-10.37
-10.716
-11.061
-11.402
-11.696
-11.984
-12.263
-12.532
-12.752
-12.961
-13.158
-13.342
-13.499
-13.642
-13.772
-13.887
-13.984
-14.065
-14.13
-14.178
-14.209
-14.223
-14.219
-14.196
-14.161
-14.11
-14.045
-13.965
-13.877
-13.778
-13.666
-13.543
-13.414
-13.275
-13.126
-12.968
-12.803
-12.63
-12.45
-12.263
-12.068
-11.867
-11.66
-11.449
-11.229
-11.004
-10.777
-10.546
-10.305
-10.062
-9.8178
-9.5728
-9.3159
-9.0593
-8.8037
-8.5496
-8.283
-8.0191
-7.7584
-7.5014
-7.2351
-6.9738
-6.7178
-6.4675
-6.2078
-5.9553
-5.71
-5.4723
-5.2132
-4.964
-4.7247
-4.4955
-4.2598
-4.0356
-3.8228
-3.6212
-3.4187
-3.2283
-3.0496
-2.8823
-2.7435
-2.613
-2.4905
-2.3758
-2.2798
-2.1895
-2.1047
-2.0252
-1.9539
-1.8872
-1.8248
-1.7665
-1.7133
-1.6638
-1.6179
-1.5754
-1.5365
-1.5007
-1.468
-1.4382
-1.4111
-1.3867
-1.3649
-1.3457
-1.3288
-1.3143
-1.3022
-1.2923
-1.2844
-1.2787
-1.2753
-1.274
-1.2749
-1.2779
-1.2831
-1.2903
-1.3
-1.3119
-1.3259
-1.3421
-1.3615
-1.3832
-1.4072
-1.4336
-1.4648
-1.4987
-1.5354
-1.5749
-1.6225
-1.6739
-1.7289
-1.7879
-1.8597
-1.9368
-2.0195
-2.1079
-2.2166
-2.3337
-2.4597
-2.5951
-2.7246
-2.8624
-3.0092
-3.1652
-3.3227
-3.4895
-3.6661
-3.8531
-4.0559
-4.2705
-4.4976
-4.7378
-5.0158
-5.3107
-5.6232
-5.9537
-6.2646
-6.5905
-6.9318
-7.2883
-7.6274
-7.979
-8.3429
-8.7183
-9.0884
-9.4678
-9.8556
-10.25
-10.67
-11.093
-11.519
-11.944
-12.304
-12.66
-13.009
-13.348
-13.631
-13.904
-14.164
-14.41
-14.614
-14.805
-14.98
-15.14
-15.275
-15.394
-15.496
-15.579
-15.642
-15.687
-15.712
-15.718
-15.706
-15.676
-15.628
-15.563
-15.488
-15.399
-15.295
-15.177
-15.052
-14.915
-14.767
-14.607
-14.441
-14.264
-14.078
-13.884
-13.682
-13.473
-13.256
-13.033
-12.802
-12.566
-12.325
-12.078
-11.825
-11.568
-11.308
-11.045
-10.776
-10.505
-10.233
-9.9607
-9.6867
-9.413
-9.1402
-8.8687
-8.5858
-8.3051
-8.0271
-7.7521
-7.406
-7.066
-6.7326
-6.4064
-5.9857
-5.5791
-5.1871
-4.81
-4.4862
-4.1746
-3.8754
-3.5884
-3.3214
-3.0657
-2.8211
-2.5874
-2.3517
-2.1276
-1.9145
-1.7123
-1.5074
-1.3139
-1.1311
-0.95865
-0.83773
-0.72191
-0.61096
-0.50467
-0.40285
-0.30528
-0.21176
-0.12211
-0.038298
0.042208
0.11958
0.19399
0.26457
0.33257
0.39816
0.46148
0.52254
0.58162
0.63884
0.69434
0.74855
0.80126
0.8526
0.90268
0.95216
1.0006
1.0481
1.0947
1.1421
1.1889
1.2351
1.2808
1.3285
1.3759
1.4231
1.4702
1.5197
1.5693
1.6193
1.6696
1.7229
1.777
1.8318
1.8876
1.9472
2.0082
2.0706
2.1345
2.2035
2.2745
2.3478
2.4233
2.5053
2.5902
2.6783
2.7697
2.8694
2.9731
3.0812
3.1937
3.3172
3.4461
3.5809
3.7217
3.8775
4.0408
4.2119
4.3911
4.5939
4.807
5.0307
5.2654
5.5455
5.8406
6.1512
6.4776
6.7896
7.115
7.4536
7.8052
8.1458
8.497
8.858
9.228
9.6041
9.9866
10.374
10.765
11.126
11.486
11.843
12.195
12.499
12.796
13.083
13.357
13.578
13.787
13.983
14.165
14.319
14.459
14.584
14.692
14.782
14.854
14.909
14.945
14.962
14.962
14.943
14.905
14.856
14.791
14.711
14.617
14.516
14.402
14.276
14.139
13.995
13.841
13.677
13.503
13.323
13.135
12.939
12.736
12.526
12.309
12.087
11.86
11.624
11.384
11.141
10.894
10.639
10.381
10.122
9.8627
9.5935
9.3245
9.0562
8.7892
8.5154
8.2439
7.9752
7.7096
7.4272
7.1493
6.8763
6.6085
6.2945
5.9889
5.6921
5.4042
5.0856
4.7792
4.4854
4.2041
3.9463
3.7
3.4648
3.2407
3.0173
2.8055
2.6049
2.4152
2.2406
2.0756
1.9198
1.7729
1.6489
1.5314
1.4201
1.3148
1.2215
1.1329
1.0489
0.96922
0.89672
0.82787
0.7625
0.70044
0.64439
0.59104
0.54028
0.49197
0.44599
0.40223
0.36057
0.3209
0.28284
0.24659
0.21205
0.17911
0.14727
0.1169
0.087895
0.060183
0.033188
0.0073591
-0.017383
-0.041117
-0.064431
-0.086844
-0.10843
-0.12925
-0.14991
-0.16991
-0.18932
-0.20819
-0.22714
-0.24565
-0.26378
-0.28161
-0.29974
-0.31765
-0.33541
-0.35306
-0.37126
-0.38947
-0.40775
-0.42614
-0.44534
-0.46479
-0.48453
-0.50463
-0.52582
-0.54751
-0.56976
-0.59263
-0.61689
-0.64194
-0.66784
-0.69466
-0.72315
-0.75275
-0.78354
-0.8156
-0.84953
-0.88494
-0.92192
-0.96057
-1.0012
-1.0437
-1.0881
-1.1347
-1.1845
-1.2367
-1.2915
-1.349
-1.4105
-1.4752
-1.5433
-1.6148
-1.6911
-1.7715
-1.856
-1.9451
-2.0401
-2.1403
-2.2458
-2.357
-2.4762
-2.6018
-2.7344
-2.8742
-3.0256
-3.1854
-3.3541
-3.5322
-3.7298
-3.9388
-4.1597
-4.3932
-4.6657
-4.955
-5.2617
-5.5867
-5.8942
-6.2173
-6.5565
-6.9121
-7.2498
-7.6014
-7.9666
-8.3453
-8.7144
-9.0948
-9.4861
-9.8875
-10.295
-10.711
-11.133
-11.561
-12.005
-12.45
-12.894
-13.334
-13.712
-14.082
-14.442
-14.789
-15.07
-15.339
-15.592
-15.83
-16.029
-16.211
-16.377
-16.524
-16.646
-16.75
-16.834
-16.898
-16.941
-16.963
-16.965
-16.944
-16.908
-16.854
-16.782
-16.693
-16.595
-16.482
-16.355
-16.213
-16.065
-15.905
-15.733
-15.549
-15.359
-15.159
-14.95
-14.731
-14.507
-14.275
-14.036
-13.789
-13.538
-13.281
-13.019
-12.752
-12.483
-12.21
-11.934
-11.655
-11.383
-11.108
-10.833
-10.557
-10.28
-10.004
-9.7284
-9.4534
-9.0815
-8.7123
-8.3465
-7.9847
-7.5106
-7.0458
-6.5915
-6.1485
-5.6454
-5.1598
-4.6922
-4.2431
-3.8909
-3.5512
-3.224
-2.9092
-2.6153
-2.3327
-2.0613
-1.8009
-1.5419
-1.2942
-1.0572
-0.83066
-0.57749
-0.33758
-0.11029
0.10502
0.27991
0.44694
0.60652
0.75905
0.88454
1.0054
1.1218
1.234
1.3426
1.4474
1.5488
1.6468
1.7457
1.8416
1.9345
2.0248
2.116
2.2048
2.2913
2.3759
2.4619
2.5463
2.6291
2.7108
2.7946
2.8776
2.9599
3.0417
3.1269
3.2119
3.2971
3.3826
3.4728
3.5637
3.6557
3.749
3.8485
3.9499
4.0532
4.1588
4.2729
4.39
4.5101
4.6336
4.7688
4.9081
5.0519
5.2003
5.3651
5.5355
5.7119
5.8944
6.1014
6.3159
6.538
6.7677
7.0382
7.3184
7.6077
7.9059
8.2074
8.5159
8.8305
9.1497
9.4593
9.7704
10.081
10.39
10.651
10.907
11.158
11.4
11.601
11.793
11.976
12.149
12.296
12.432
12.556
12.668
12.764
12.846
12.914
12.968
13.007
13.031
13.039
13.03
13.008
12.971
12.921
12.856
12.785
12.702
12.608
12.503
12.392
12.272
12.143
12.006
11.862
11.711
11.553
11.389
11.218
11.041
10.859
10.672
10.477
10.279
10.077
9.8736
9.6592
9.4435
9.2271
9.0105
8.7815
8.5536
8.3272
8.103
7.8657
7.632
7.4023
7.1771
6.9408
6.7106
6.4869
6.2701
6.0468
5.8317
5.6253
5.4276
5.2246
5.0318
4.8494
4.6772
4.4961
4.3276
4.1715
4.0275
3.8785
3.7442
3.6243
3.5182
3.4425
3.3752
3.316
3.2647
3.2226
3.1874
3.1588
3.1367
3.121
3.1114
3.1076
3.1097
3.1175
3.1309
3.1497
3.1739
3.2045
3.2407
3.2825
3.3298
3.3859
3.4482
3.5167
3.5914
3.6799
3.7759
3.8796
3.991
4.1269
4.2731
4.4299
4.5976
4.8144
5.0478
5.2983
5.5664
5.8389
6.1279
6.4336
6.756
7.0527
7.3619
7.6832
8.0158
8.3391
8.671
9.0103
9.3558
9.6917
10.03
10.369
10.707
10.994
11.277
11.554
11.822
12.047
12.262
12.468
12.662
12.826
12.978
13.118
13.245
13.353
13.447
13.526
13.59
13.638
13.67
13.685
13.683
13.665
13.633
13.585
13.522
13.452
13.369
13.273
13.166
13.053
12.93
12.797
12.655
12.506
12.349
12.184
12.013
11.834
11.649
11.458
11.262
11.057
10.848
10.636
10.42
10.194
9.966
9.7364
9.5059
9.2631
9.0205
8.7787
8.5381
8.2841
8.0326
7.7843
7.5396
7.2826
7.0308
6.7844
6.544
6.2969
6.0572
5.8249
5.6004
5.3755
5.1593
4.9518
4.753
4.5378
4.3339
4.1409
3.9589
3.7709
3.5955
3.4325
3.2814
3.1606
3.0482
2.9438
2.8471
2.7676
2.6938
2.6255
2.5627
2.5054
2.4531
2.4055
2.3626
2.3237
2.2892
2.2591
2.2331
2.2107
2.1924
2.1783
2.168
2.1615
2.1589
2.1601
2.1651
2.1739
2.1864
2.2026
2.2224
2.247
2.2754
2.3077
2.3438
2.3866
2.4338
2.4853
2.5414
2.6082
2.6806
2.7587
2.8425
2.9478
3.0615
3.1838
3.315
3.494
3.6884
3.8992
4.1271
4.3602
4.6103
4.8783
5.1648
5.4456
5.7433
6.0582
6.3907
6.6985
7.0201
7.3555
7.7042
8.0388
8.3841
8.7392
9.1034
9.4724
9.8479
10.228
10.611
10.96
11.308
11.653
11.992
12.286
12.572
12.848
13.112
13.326
13.529
13.719
13.894
14.044
14.179
14.3
14.405
14.491
14.561
14.613
14.648
14.664
14.662
14.642
14.605
14.555
14.491
14.412
14.319
14.219
14.107
13.983
13.848
13.706
13.555
13.394
13.223
13.046
12.861
12.669
12.47
12.263
12.05
11.832
11.609
11.377
11.141
10.902
10.66
10.409
10.155
9.9005
9.6453
9.3793
9.1137
8.8492
8.5862
8.3136
8.0437
7.777
7.5138
7.2443
6.9795
6.7197
6.4651
6.1708
5.8847
5.607
5.3382
5.0508
4.7746
4.5095
4.2556
4.0095
3.7747
3.5511
3.3386
3.1249
2.923
2.7326
2.5533
2.4023
2.2595
2.1247
1.9976
1.8891
1.7864
1.6893
1.5975
1.5144
1.4357
1.3614
1.2912
1.2263
1.165
1.1072
1.0527
1.0018
0.95385
0.90878
0.86644
0.82774
0.79139
0.7573
0.72536
0.69545
0.66751
0.64143
0.61713
0.59417
0.57288
0.55318
0.535
0.51792
0.50227
0.488
0.47503
0.46301
0.45224
0.44267
0.43423
0.42667
0.42021
0.41482
0.41044
0.40693
0.40442
0.40288
0.40228
0.4026
0.40388
0.40608
0.40918
0.41337
0.41852
0.42459
0.43157
0.43985
0.44912
0.45937
0.4706
0.48347
0.49745
0.51254
0.52876
0.54714
0.56683
0.5879
0.61036
0.6358
0.66295
0.69187
0.72266
0.75855
0.79689
0.83783
0.88152
0.92737
0.97621
1.0282
1.0836
1.137
1.1935
1.2534
1.3167
1.3816
1.4501
1.5225
1.599
1.6788
1.7631
1.8521
1.9461
2.0452
2.1498
2.2603
2.3768
2.5011
2.6324
2.7709
2.9173
3.0756
3.243
3.4198
3.6066
3.8149
4.0354
4.2687
4.5156
4.7919
5.0847
5.3947
5.7227
6.0332
6.3592
6.7008
7.0585
7.3996
7.7543
8.1224
8.5039
8.8771
9.2615
9.6566
10.062
10.475
10.896
11.324
11.756
12.206
12.657
13.106
13.55
13.933
14.308
14.672
15.022
15.306
15.576
15.831
16.069
16.269
16.453
16.619
16.766
16.887
16.99
17.073
17.136
17.178
17.198
17.198
17.175
17.137
17.08
17.006
16.914
16.814
16.698
16.569
16.424
16.274
16.11
15.935
15.748
15.556
15.353
15.14
14.918
14.691
14.456
14.213
13.964
13.71
13.45
13.185
12.916
12.645
12.371
12.093
11.813
11.542
11.269
10.995
10.721
10.433
10.146
9.8588
9.5724
9.1857
8.8016
8.4211
8.0448
7.55
7.0651
6.5912
6.1292
5.6144
5.1173
4.6386
4.1786
3.8191
3.4722
3.1379
2.8161
2.5162
2.2277
1.9504
1.6841
1.4206
1.1682
0.92658
0.69535
0.44238
0.20207
-0.026177
-0.24294
-0.43067
-0.60983
-0.78086
-0.94421
-1.0762
-1.2033
-1.3258
-1.4438
-1.5612
-1.6744
-1.7837
-1.8893
-1.9952
-2.0978
-2.1971
-2.2935
-2.3907
-2.4852
-2.5773
-2.6673
-2.7586
-2.8482
-2.9363
-3.023
-3.112
-3.2001
-3.2875
-3.3744
-3.4648
-3.5552
-3.6457
-3.7366
-3.8325
-3.9292
-4.0271
-4.1263
-4.2323
-4.3402
-4.4502
-4.5625
-4.6842
-4.8088
-4.9367
-5.0681
-5.2122
-5.3606
-5.5135
-5.6711
-5.8465
-6.0278
-6.2148
-6.4079
-6.6272
-6.8538
-7.0876
-7.3283
-7.606
-7.8917
-8.1847
-8.4841
-8.7934
-9.107
-9.4232
-9.7401
-10.007
-10.271
-10.531
-10.786
-11.001
-11.209
-11.409
-11.599
-11.761
-11.913
-12.055
-12.186
-12.298
-12.399
-12.488
-12.563
-12.624
-12.671
-12.703
-12.721
-12.723
-12.711
-12.684
-12.641
-12.59
-12.527
-12.452
-12.365
-12.272
-12.17
-12.058
-11.937
-11.811
-11.676
-11.534
-11.386
-11.23
-11.069
-10.902
-10.73
-10.55
-10.367
-10.18
-9.9894
-9.7896
-9.5878
-9.3847
-9.1807
-8.9654
-8.7504
-8.5362
-8.3236
-8.0984
-7.8761
-7.657
-7.4418
-7.2151
-6.9938
-6.7783
-6.5691
-6.3518
-6.1424
-5.9411
-5.7482
-5.5497
-5.3611
-5.1827
-5.0142
-4.8356
-4.6696
-4.5163
-4.3754
-4.222
-4.0857
-3.9659
-3.8622
-3.7899
-3.7274
-3.6744
-3.6307
-3.5977
-3.5725
-3.5549
-3.5448
-3.5418
-3.5456
-3.5559
-3.5726
-3.596
-3.6257
-3.6617
-3.704
-3.7547
-3.812
-3.8761
-3.947
-4.0301
-4.1211
-4.2198
-4.3264
-4.4531
-4.5896
-4.7361
-4.8927
-5.0832
-5.2872
-5.505
-5.7367
-6.0003
-6.2801
-6.5761
-6.8882
-7.1772
-7.4781
-7.7903
-8.1131
-8.4289
-8.7525
-9.0824
-9.4172
-9.7236
-10.031
-10.338
-10.642
-10.905
-11.164
-11.416
-11.659
-11.86
-12.053
-12.236
-12.407
-12.553
-12.688
-12.811
-12.92
-13.013
-13.092
-13.156
-13.206
-13.24
-13.259
-13.261
-13.246
-13.218
-13.176
-13.12
-13.05
-12.973
-12.885
-12.785
-12.675
-12.559
-12.433
-12.299
-12.155
-12.006
-11.849
-11.686
-11.516
-11.338
-11.155
-10.967
-10.775
-10.573
-10.369
-10.161
-9.9508
-9.73
-9.5078
-9.2849
-9.0618
-8.8262
-8.5915
-8.3584
-8.1275
-7.8832
-7.6424
-7.4057
-7.1735
-6.9301
-6.6928
-6.4619
-6.2379
-6.0078
-5.7859
-5.5725
-5.3677
-5.1585
-4.9594
-4.7701
-4.5909
-4.4009
-4.2233
-4.0577
-3.904
-3.7756
-3.6562
-3.5458
-3.444
-3.3507
-3.2655
-3.1882
-3.1186
-3.0588
-3.0056
-2.9589
-2.9183
-2.8838
-2.8552
-2.8322
-2.8147
-2.8026
-2.7958
-2.7941
-2.7975
-2.8059
-2.8193
-2.8376
-2.8606
-2.8895
-2.9234
-2.9623
-3.0062
-3.0583
-3.1159
-3.1792
-3.2482
-3.3301
-3.4189
-3.5148
-3.6179
-3.7449
-3.8818
-4.0289
-4.1864
-4.403
-4.6379
-4.8915
-5.1648
-5.4369
-5.7269
-6.0352
-6.3621
-6.6579
-6.9674
-7.2905
-7.6267
-7.9479
-8.2792
-8.6198
-8.9687
-9.3244
-9.6856
-10.051
-10.418
-10.734
-11.049
-11.359
-11.664
-11.925
-12.178
-12.421
-12.653
-12.845
-13.026
-13.195
-13.351
-13.483
-13.603
-13.708
-13.798
-13.871
-13.929
-13.97
-13.993
-14
-13.99
-13.963
-13.919
-13.865
-13.798
-13.717
-13.622
-13.522
-13.409
-13.287
-13.153
-13.013
-12.865
-12.707
-12.541
-12.369
-12.189
-12.002
-11.81
-11.609
-11.403
-11.193
-10.978
-10.754
-10.526
-10.297
-10.065
-9.8217
-9.5776
-9.3331
-9.0889
-8.8318
-8.5761
-8.3223
-8.071
-7.807
-7.5467
-7.2907
-7.0395
-6.7799
-6.5264
-6.2793
-6.0388
-5.7935
-5.5559
-5.3264
-5.105
-4.8656
-4.6367
-4.4182
-4.21
-3.9975
-3.7967
-3.6073
-3.4292
-3.2515
-3.0859
-2.9318
-2.7888
-2.6812
-2.5804
-2.4861
-2.3982
-2.3222
-2.2512
-2.1851
-2.1237
-2.0684
-2.0172
-1.97
-1.9266
-1.8873
-1.8515
-1.8192
-1.79
-1.7635
-1.7402
-1.7199
-1.7027
-1.6878
-1.676
-1.6672
-1.6612
-1.658
-1.6577
-1.6603
-1.6657
-1.674
-1.6852
-1.6991
-1.7158
-1.7363
-1.7597
-1.7861
-1.8155
-1.8501
-1.8882
-1.9297
-1.9747
-2.0284
-2.0864
-2.1489
-2.2159
-2.2997
-2.3901
-2.4871
-2.5912
-2.7215
-2.8621
-3.0137
-3.1769
-3.3409
-3.5161
-3.7033
-3.9029
-4.105
-4.3195
-4.547
-4.7881
-5.0636
-5.3561
-5.6662
-5.9946
-6.3016
-6.6234
-6.9603
-7.3122
-7.6466
-7.9931
-8.3513
-8.7206
-9.0859
-9.4598
-9.8411
-10.229
-10.625
-11.025
-11.425
-11.822
-12.16
-12.491
-12.815
-13.129
-13.388
-13.637
-13.874
-14.096
-14.283
-14.456
-14.614
-14.757
-14.877
-14.982
-15.069
-15.139
-15.19
-15.222
-15.235
-15.229
-15.207
-15.168
-15.112
-15.04
-14.959
-14.865
-14.757
-14.635
-14.508
-14.368
-14.218
-14.057
-13.89
-13.713
-13.527
-13.334
-13.133
-12.925
-12.71
-12.489
-12.261
-12.027
-11.789
-11.546
-11.295
-11.041
-10.785
-10.527
-10.26
-9.992
-9.7238
-9.4557
-9.1814
-8.9082
-8.6367
-8.3671
-8.0916
-7.8192
-7.55
-7.2846
-6.9662
-6.6543
-6.3494
-6.0518
-5.6954
-5.3512
-5.0194
-4.7002
-4.4063
-4.1241
-3.8537
-3.5949
-3.3487
-3.1138
-2.8898
-2.6767
-2.4554
-2.2463
-2.0489
-1.8627
-1.6997
-1.5456
-1.4
-1.2625
-1.1428
-1.0292
-0.92167
-0.81974
-0.73255
-0.6495
-0.57039
-0.49502
-0.42811
-0.36413
-0.30292
-0.24435
-0.18857
-0.13512
-0.083893
-0.034748
0.012585
0.058054
0.10178
0.14386
0.18481
0.22431
0.26246
0.29935
0.33562
0.37078
0.40495
0.4382
0.47123
0.5035
0.53508
0.56606
0.59719
0.62786
0.65815
0.68813
0.71862
0.74895
0.77919
0.80942
0.84052
0.87175
0.9032
0.93494
0.96791
1.0013
1.0353
1.0699
1.1066
1.1441
1.1825
1.2219
1.2645
1.3084
1.3537
1.4004
1.451
1.5035
1.558
1.6146
1.676
1.7399
1.8065
1.8761
1.9514
2.0302
2.1127
2.1989
2.2924
2.3903
2.4931
2.6009
2.7177
2.8405
2.9695
3.1051
3.253
3.4087
3.5727
3.7452
3.9372
4.1396
4.3531
4.5781
4.8436
5.1247
5.4222
5.7364
6.0436
6.366
6.7041
7.058
7.3947
7.7445
8.1072
8.4825
8.8496
9.227
9.6139
10.009
10.419
10.834
11.253
11.675
12.063
12.449
12.829
13.203
13.523
13.834
14.132
14.417
14.647
14.865
15.067
15.254
15.412
15.555
15.68
15.787
15.873
15.941
15.989
16.018
16.027
16.017
15.988
15.94
15.88
15.805
15.714
15.608
15.495
15.368
15.229
15.078
14.92
14.751
14.572
14.384
14.188
13.984
13.772
13.553
13.326
13.094
12.855
12.611
12.36
12.104
11.845
11.583
11.314
11.044
10.772
10.498
10.224
9.9499
9.6756
9.4018
9.1243
8.8482
8.5738
8.3015
7.954
7.6113
7.2738
6.9422
6.504
6.0783
5.6658
5.267
4.8996
4.5453
4.2045
3.8772
3.5852
3.3048
3.0358
2.7779
2.5256
2.2846
2.0545
1.835
1.6
1.3777
1.1672
0.96829
0.82473
0.68718
0.5554
0.42916
0.30821
0.19231
0.081229
-0.025274
-0.12312
-0.21718
-0.30764
-0.3947
-0.47656
-0.55551
-0.63174
-0.70541
-0.77615
-0.84467
-0.91111
-0.97561
-1.0385
-1.0996
-1.1593
-1.2175
-1.2772
-1.3357
-1.393
-1.4493
-1.5073
-1.5646
-1.6211
-1.6771
-1.7353
-1.7931
-1.8508
-1.9085
-1.9689
-2.0297
-2.0908
-2.1524
-2.2178
-2.284
-2.3514
-2.4199
-2.4932
-2.5683
-2.6451
-2.724
-2.8092
-2.8969
-2.9875
-3.0809
-3.1827
-3.2881
-3.3975
-3.5109
-3.6355
-3.7651
-3.9
-4.0405
-4.1965
-4.3593
-4.5294
-4.7069
-4.9084
-5.1194
-5.3402
-5.5711
-5.849
-6.1408
-6.4468
-6.7673
-7.0761
-7.3971
-7.7299
-8.0742
-8.4122
-8.7593
-9.1145
-9.4767
-9.8564
-10.24
-10.626
-11.012
-11.333
-11.65
-11.961
-12.264
-12.518
-12.763
-12.997
-13.219
-13.404
-13.577
-13.737
-13.883
-14.007
-14.117
-14.211
-14.289
-14.349
-14.393
-14.418
-14.426
-14.417
-14.391
-14.349
-14.291
-14.223
-14.142
-14.048
-13.941
-13.827
-13.702
-13.566
-13.42
-13.268
-13.106
-12.936
-12.758
-12.573
-12.381
-12.182
-11.977
-11.764
-11.546
-11.324
-11.098
-10.862
-10.623
-10.382
-10.139
-9.8845
-9.6297
-9.3747
-9.1201
-8.8536
-8.5887
-8.3258
-8.0654
-7.7949
-7.5282
-7.2656
-7.0076
-6.7416
-6.4815
-6.2274
-5.9797
-5.7018
-5.433
-5.1734
-4.9232
-4.6583
-4.405
-4.1633
-3.933
-3.7112
-3.5008
-3.3016
-3.1133
-2.9296
-2.7568
-2.5947
-2.443
-2.3228
-2.2093
-2.1024
-2.0018
-1.9136
-1.8304
-1.7521
-1.6784
-1.6111
-1.548
-1.4887
-1.4331
-1.3818
-1.3338
-1.2891
-1.2474
-1.2088
-1.1729
-1.1399
-1.1094
-1.0812
-1.0554
-1.032
-1.0108
-0.99181
-0.97485
-0.95986
-0.94677
-0.93546
-0.92594
-0.91813
-0.91199
-0.90736
-0.90436
-0.90297
-0.90312
-0.90487
-0.9082
-0.91307
-0.91945
-0.92769
-0.93751
-0.9489
-0.96185
-0.97716
-0.99416
-1.0129
-1.0333
-1.0572
-1.0831
-1.111
-1.141
-1.1772
-1.2162
-1.2579
-1.3025
-1.3555
-1.4123
-1.4731
-1.538
-1.6157
-1.6991
-1.7886
-1.8846
-1.9779
-2.0771
-2.1827
-2.2949
-2.4067
-2.5251
-2.6503
-2.7829
-2.9217
-3.0685
-3.2236
-3.3874
-3.5646
-3.752
-3.95
-4.1592
-4.3968
-4.6486
-4.9151
-5.197
-5.4917
-5.8027
-6.1304
-6.4751
-6.8011
-7.1413
-7.4959
-7.8647
-8.2201
-8.5872
-8.9656
-9.3546
-9.7447
-10.143
-10.549
-10.96
-11.387
-11.816
-12.244
-12.67
-13.033
-13.39
-13.737
-14.073
-14.348
-14.61
-14.86
-15.093
-15.289
-15.47
-15.635
-15.782
-15.906
-16.012
-16.1
-16.168
-16.216
-16.244
-16.252
-16.24
-16.21
-16.164
-16.1
-16.019
-15.929
-15.825
-15.706
-15.574
-15.435
-15.284
-15.122
-14.948
-14.768
-14.578
-14.379
-14.171
-13.956
-13.734
-13.505
-13.269
-13.027
-12.779
-12.526
-12.269
-12.006
-11.739
-11.47
-11.199
-10.925
-10.65
-10.374
-10.097
-9.8326
-9.5682
-9.3046
-9.042
-8.7264
-8.4132
-8.1031
-7.7964
-7.3816
-6.9749
-6.5772
-6.1893
-5.724
-5.2753
-4.8437
-4.4296
-4.1007
-3.784
-3.4794
-3.1869
-2.9121
-2.6485
-2.396
-2.1543
-1.9102
-1.6775
-1.4558
-1.2448
-1.0199
-0.80733
-0.60646
-0.41667
-0.26485
-0.12009
0.01795
0.14964
0.2569
0.36003
0.45925
0.55476
0.64397
0.73007
0.81323
0.89364
0.97064
1.0453
1.1177
1.188
1.2587
1.3276
1.3947
1.4602
1.5274
1.5931
1.6575
1.7208
1.7859
1.8501
1.9135
1.9764
2.0416
2.1066
2.1713
2.2361
2.304
2.3723
2.441
2.5105
2.5841
2.6588
2.7348
2.8121
2.8951
2.9799
3.0669
3.1562
3.2529
3.3525
3.4552
3.5613
3.6773
3.7974
3.9219
4.0511
4.1938
4.3422
4.4966
4.6573
4.8378
5.0261
5.2225
5.4273
5.6661
5.916
6.1771
6.4496
6.7428
7.0482
7.3656
7.6947
8.017
8.3488
8.6894
9.0377
9.396
9.7596
10.127
10.495
10.814
11.131
11.443
11.749
12.009
12.262
12.504
12.735
12.927
13.107
13.275
13.43
13.562
13.68
13.784
13.873
13.945
14.001
14.04
14.062
14.066
14.054
14.026
13.98
13.924
13.855
13.772
13.676
13.574
13.46
13.335
13.2
13.059
12.908
12.749
12.581
12.407
12.225
12.037
11.842
11.64
11.432
11.22
11.004
10.778
10.549
10.317
10.084
9.8387
9.5929
9.3468
9.1009
8.8422
8.585
8.3297
8.0768
7.8114
7.5498
7.2925
7.0398
6.7795
6.5252
6.2771
6.0357
5.7855
5.5432
5.3092
5.0834
4.84
4.6072
4.3849
4.1732
3.9589
3.7562
3.5649
3.3848
3.2052
3.0375
2.8812
2.7361
2.6261
2.5229
2.4263
2.336
2.2578
2.1847
2.1165
2.0529
1.9955
1.9422
1.8929
1.8474
1.806
1.7681
1.7336
1.7023
1.6741
1.649
1.6268
1.6073
1.5901
1.5756
1.564
1.555
1.5484
1.5446
1.5435
1.5451
1.5493
1.5561
1.5656
1.5776
1.5927
1.6106
1.6311
1.6543
1.6818
1.7123
1.7458
1.7823
1.8256
1.8725
1.9231
1.9775
2.0445
2.1166
2.194
2.277
2.3791
2.489
2.6071
2.7338
2.8787
3.0344
3.2016
3.3808
3.5513
3.7325
3.9249
4.1291
4.3485
4.5812
4.8277
5.0885
5.3734
5.6748
5.9931
6.3287
6.6443
6.9742
7.3184
7.6766
8.0202
8.3752
8.741
9.1169
9.494
9.8787
10.27
10.666
11.054
11.442
11.83
12.213
12.544
12.867
13.181
13.483
13.729
13.963
14.184
14.39
14.564
14.724
14.869
14.997
15.104
15.195
15.268
15.322
15.357
15.373
15.369
15.346
15.309
15.256
15.186
15.101
15.008
14.901
14.782
14.649
14.511
14.361
14.201
14.03
13.853
13.668
13.473
13.271
13.062
12.846
12.623
12.395
12.159
11.918
11.674
11.425
11.168
10.909
10.647
10.384
10.114
9.8426
9.5714
9.3007
9.027
8.7547
8.4843
8.2161
7.9265
7.6405
7.3585
7.0808
6.7429
6.4128
6.0909
5.7776
5.4091
5.0541
4.713
4.3859
4.1008
3.8274
3.5655
3.3149
3.0723
2.8409
2.6206
2.4109
2.1882
1.978
1.78
1.5934
1.4348
1.2847
1.1428
1.0087
0.89224
0.78172
0.67681
0.57723
0.49605
0.4184
0.34409
0.27297
0.20613
0.14205
0.080588
0.021594
-0.03484
-0.08909
-0.14128
-0.19154
-0.24022
-0.28719
-0.33256
-0.37644
-0.41941
-0.46107
-0.50154
-0.54092
-0.57988
-0.61792
-0.65512
-0.69157
-0.72806
-0.76396
-0.79935
-0.83434
-0.86975
-0.90491
-0.93989
-0.97478
-1.0105
-1.0463
-1.0822
-1.1184
-1.1567
-1.1953
-1.2345
-1.2744
-1.317
-1.3604
-1.4048
-1.4503
-1.4993
-1.5497
-1.6015
-1.655
-1.7129
-1.7728
-1.8349
-1.8993
-1.9692
-2.042
-2.1177
-2.1966
-2.2823
-2.3719
-2.4654
-2.5633
-2.6697
-2.7812
-2.8981
-3.0206
-3.1544
-3.2948
-3.4424
-3.5973
-3.7685
-3.9487
-4.1383
-4.3378
-4.566
-4.8068
-5.0608
-5.3285
-5.6209
-5.9291
-6.2533
-6.5938
-6.9176
-7.2551
-7.6062
-7.9709
-8.3237
-8.6876
-9.0618
-9.4455
-9.8345
-10.231
-10.632
-11.038
-11.43
-11.822
-12.211
-12.595
-12.928
-13.253
-13.568
-13.87
-14.113
-14.343
-14.56
-14.762
-14.932
-15.087
-15.226
-15.349
-15.45
-15.533
-15.599
-15.645
-15.671
-15.679
-15.666
-15.634
-15.589
-15.527
-15.45
-15.357
-15.256
-15.142
-15.015
-14.876
-14.73
-14.573
-14.405
-14.228
-14.043
-13.85
-13.649
-13.439
-13.223
-13
-12.771
-12.536
-12.294
-12.047
-11.796
-11.541
-11.279
-11.014
-10.748
-10.48
-10.206
-9.9327
-9.6589
-9.3855
-9.1161
-8.8479
-8.5814
-8.3169
-8.0107
-7.7082
-7.4099
-7.116
-6.7322
-6.3577
-5.9934
-5.6396
-5.2642
-4.9024
-4.5545
-4.2206
-3.9291
-3.6493
-3.381
-3.124
-2.8749
-2.637
-2.4101
-2.1938
-1.9651
-1.7488
-1.5444
-1.3513
-1.1771
-1.0124
-0.85661
-0.70931
-0.58953
-0.47537
-0.36653
-0.26276
-0.1752
-0.091193
-0.010548
0.066906
0.13997
0.21029
0.278
0.34327
0.40593
0.46645
0.52496
0.5816
0.63671
0.69018
0.74214
0.79271
0.84249
0.89108
0.93859
0.98514
1.0315
1.077
1.1219
1.1662
1.2122
1.2578
1.303
1.3481
1.3952
1.4424
1.4896
1.5371
1.5872
1.6378
1.689
1.7409
1.7963
1.8527
1.9102
1.969
2.0323
2.0972
2.164
2.2327
2.3072
2.3842
2.4638
2.5463
2.636
2.7293
2.8264
2.9273
3.0376
3.1528
3.273
3.3985
3.5365
3.681
3.8323
3.9907
4.1673
4.3527
4.5472
4.7511
4.9875
5.2364
5.4981
5.7731
6.0686
6.3787
6.7034
7.043
7.3685
7.7062
8.056
8.4172
8.7726
9.1371
9.5097
9.8892
10.289
10.693
11.098
11.502
11.841
12.174
12.501
12.819
13.084
13.339
13.583
13.813
14.005
14.184
14.349
14.499
14.626
14.738
14.833
14.911
14.97
15.011
15.034
15.038
15.025
14.995
14.948
14.884
14.811
14.724
14.623
14.509
14.388
14.256
14.113
13.958
13.798
13.628
13.449
13.261
13.067
12.865
12.657
12.442
12.219
11.991
11.758
11.521
11.275
11.026
10.775
10.521
10.258
9.9937
9.729
9.4644
9.1913
8.9193
8.6489
8.3804
8.1101
7.8427
7.5787
7.3182
7.0154
6.7187
6.4283
6.1447
5.8228
5.5109
5.2093
4.9181
4.6224
4.3386
4.0667
3.8067
3.5615
3.3275
3.1046
2.8925
2.6743
2.4681
2.2735
2.0902
1.9327
1.7839
1.6432
1.5104
1.3959
1.2874
1.1846
1.0873
0.99973
0.91663
0.83778
0.76296
0.6968
0.6338
0.57382
0.51671
0.46359
0.41293
0.36461
0.31852
0.27439
0.23227
0.19204
0.1536
0.11648
0.080971
0.046984
0.014419
-0.017293
-0.047724
-0.076963
-0.1051
-0.13274
-0.1594
-0.18515
-0.21008
-0.23483
-0.25886
-0.28225
-0.30508
-0.32799
-0.35045
-0.37252
-0.39427
-0.41638
-0.43829
-0.46004
-0.48172
-0.50404
-0.5264
-0.54886
-0.57149
-0.59506
-0.61894
-0.64318
-0.66786
-0.69379
-0.72032
-0.7475
-0.77541
-0.80491
-0.83531
-0.8667
-0.89914
-0.93347
-0.96907
-1.006
-1.0444
-1.0853
-1.1278
-1.1722
-1.2185
-1.2685
-1.3209
-1.3757
-1.433
-1.4948
-1.5596
-1.6275
-1.6988
-1.7753
-1.8558
-1.9403
-2.0292
-2.1244
-2.2247
-2.3302
-2.4413
-2.5607
-2.6865
-2.8191
-2.9588
-3.1104
-3.2703
-3.439
-3.617
-3.8146
-4.0236
-4.2444
-4.4775
-4.7521
-5.0435
-5.3524
-5.6795
-5.9888
-6.3138
-6.6547
-7.0117
-7.3509
-7.7036
-8.0696
-8.4489
-8.8191
-9.2003
-9.5917
-9.9926
-10.403
-10.82
-11.244
-11.671
-12.094
-12.516
-12.935
-13.349
-13.709
-14.06
-14.399
-14.724
-14.984
-15.231
-15.463
-15.679
-15.86
-16.026
-16.174
-16.304
-16.41
-16.498
-16.566
-16.614
-16.642
-16.649
-16.636
-16.603
-16.555
-16.49
-16.409
-16.311
-16.205
-16.085
-15.951
-15.804
-15.65
-15.485
-15.309
-15.121
-14.928
-14.724
-14.512
-14.292
-14.065
-13.831
-13.591
-13.344
-13.091
-12.834
-12.572
-12.305
-12.036
-11.763
-11.488
-11.211
-10.938
-10.664
-10.389
-10.115
-9.8354
-9.5566
-9.2788
-9.0023
-8.631
-8.2634
-7.9001
-7.5418
-7.0695
-6.6083
-6.1593
-5.7232
-5.2865
-4.8648
-4.4586
-4.068
-3.7397
-3.4234
-3.1191
-2.8267
-2.5483
-2.2812
-2.0251
-1.7797
-1.5311
-1.2938
-1.0675
-0.85181
-0.66577
-0.48771
-0.31729
-0.15419
0.0019046
0.15132
0.29437
0.43138
0.55187
0.66778
0.77934
0.8868
0.98638
1.0826
1.1756
1.2655
1.3555
1.4427
1.5273
1.6094
1.6928
1.7739
1.853
1.9302
2.0088
2.0857
2.1612
2.2354
2.3116
2.3869
2.4613
2.5351
2.6118
2.6881
2.7644
2.8409
2.9211
3.002
3.0835
3.166
3.2536
3.3427
3.4334
3.526
3.6255
3.7274
3.832
3.9394
4.0563
4.1767
4.301
4.4294
4.5706
4.717
4.8686
5.0256
5.2014
5.384
5.5737
5.7706
5.9977
6.234
6.4796
6.7347
7.0199
7.3158
7.6221
7.9382
8.2526
8.5748
8.9038
9.2384
9.5717
9.9073
10.243
10.578
10.859
11.135
11.405
11.668
11.886
12.096
12.295
12.484
12.644
12.792
12.928
13.052
13.157
13.248
13.325
13.387
13.434
13.464
13.479
13.476
13.458
13.425
13.378
13.315
13.245
13.163
13.069
12.963
12.851
12.73
12.599
12.458
12.312
12.157
11.995
11.826
11.65
11.468
11.28
11.088
10.886
10.681
10.472
10.26
10.038
9.814
9.5886
9.3624
9.1239
8.8858
8.6486
8.4129
8.1637
7.9174
7.6744
7.4353
7.184
6.9381
6.698
6.464
6.2232
5.99
5.7646
5.5473
5.3276
5.1171
4.9157
4.7236
4.5208
4.3292
4.1488
3.9793
3.8
3.6342
3.4814
3.3413
3.234
3.135
3.0439
2.9605
2.8899
2.8254
2.767
2.7143
2.6675
2.626
2.5897
2.5585
2.5318
2.51
2.493
2.4806
2.4727
2.4693
2.4704
2.4758
2.4857
2.4998
2.5182
2.5408
2.5687
2.6011
2.638
2.6793
2.7281
2.7821
2.841
2.9052
2.9816
3.0644
3.1537
3.2496
3.3697
3.4993
3.6386
3.788
4.0153
4.2643
4.5359
4.8314
5.1052
5.3983
5.711
6.0439
6.3398
6.6504
6.9757
7.3155
7.6365
7.9688
8.3118
8.6649
9.0166
9.3757
9.7408
10.11
10.458
10.806
11.153
11.496
11.792
12.082
12.364
12.635
12.856
13.067
13.266
13.451
13.609
13.753
13.884
13.999
14.096
14.177
14.242
14.29
14.321
14.334
14.329
14.305
14.269
14.217
14.15
14.069
13.981
13.88
13.767
13.643
13.512
13.371
13.221
13.061
12.894
12.72
12.538
12.349
12.152
11.949
11.741
11.527
11.305
11.079
10.849
10.616
10.373
10.128
9.8818
9.6347
9.3758
9.1173
8.8596
8.6033
8.335
8.0693
7.8068
7.5478
7.2804
7.0177
6.7603
6.5084
6.2413
5.9814
5.7289
5.4841
5.2176
4.9611
4.7148
4.4787
4.2385
4.0098
3.7924
3.5861
3.3798
3.1855
3.0027
2.8312
2.6865
2.5502
2.4221
2.3018
2.2012
2.1063
2.017
1.9331
1.8579
1.7871
1.7208
1.6586
1.6017
1.5484
1.4988
1.4525
1.4099
1.3704
1.3339
1.3003
1.2694
1.2412
1.2155
1.1924
1.1714
1.1528
1.1364
1.1222
1.1099
1.0997
1.0916
1.0854
1.081
1.0785
1.0779
1.0791
1.0822
1.087
1.0937
1.1021
1.1127
1.1252
1.1396
1.1557
1.1749
1.1962
1.2195
1.2448
1.2747
1.3072
1.3421
1.3796
1.4254
1.4746
1.5273
1.5837
1.6509
1.723
1.8003
1.8829
1.9837
2.0922
2.2089
2.3343
2.4496
2.572
2.702
2.8401
2.9803
3.1286
3.2855
3.4515
3.6295
3.8178
4.0168
4.2272
4.4655
4.718
4.9852
5.2679
5.563
5.8743
6.2021
6.5469
6.8727
7.2127
7.5666
7.9345
8.2895
8.6559
9.0331
9.4204
9.8107
10.209
10.613
11.023
11.433
11.843
12.252
12.657
13.006
13.348
13.679
13.998
14.257
14.504
14.737
14.954
15.138
15.306
15.458
15.593
15.705
15.8
15.876
15.934
15.971
15.988
15.986
15.963
15.925
15.87
15.799
15.712
15.616
15.506
15.383
15.247
15.104
14.949
14.783
14.607
14.424
14.232
14.031
13.822
13.606
13.383
13.153
12.917
12.675
12.427
12.174
11.918
11.655
11.389
11.121
10.851
10.577
10.302
10.027
9.7521
9.4856
9.2198
8.9552
8.692
8.383
8.077
7.7744
7.4757
7.0692
6.6717
6.284
5.9068
5.4897
5.0875
4.7005
4.329
4.0179
3.7188
3.4314
3.1557
2.8928
2.6411
2.4003
2.1703
1.934
1.7093
1.496
1.2935
1.0913
0.90011
0.71942
0.54866
0.41216
0.28198
0.15782
0.039343
-0.05906
-0.15361
-0.24451
-0.33195
-0.41402
-0.49314
-0.5695
-0.64324
-0.71395
-0.7824
-0.84873
-0.91309
-0.97572
-1.0366
-1.096
-1.1539
-1.2126
-1.27
-1.3262
-1.3814
-1.4384
-1.4945
-1.5498
-1.6046
-1.6615
-1.718
-1.7742
-1.8304
-1.8892
-1.9483
-2.0076
-2.0674
-2.1307
-2.1948
-2.2599
-2.326
-2.3968
-2.4691
-2.543
-2.6189
-2.7007
-2.7849
-2.8717
-2.9613
-3.0587
-3.1596
-3.2641
-3.3725
-3.4913
-3.6149
-3.7436
-3.8775
-4.0256
-4.1803
-4.3418
-4.5104
-4.7004
-4.8994
-5.1076
-5.3253
-5.5835
-5.8546
-6.1389
-6.4367
-6.7389
-7.054
-7.3817
-7.7219
-8.053
-8.3942
-8.7447
-9.1038
-9.4702
-9.8427
-10.219
-10.598
-10.938
-11.276
-11.611
-11.939
-12.222
-12.496
-12.76
-13.013
-13.219
-13.414
-13.596
-13.765
-13.908
-14.038
-14.153
-14.252
-14.333
-14.398
-14.445
-14.475
-14.487
-14.481
-14.458
-14.417
-14.365
-14.299
-14.218
-14.124
-14.022
-13.909
-13.785
-13.649
-13.507
-13.355
-13.194
-13.024
-12.847
-12.663
-12.471
-12.273
-12.067
-11.855
-11.638
-11.417
-11.186
-10.952
-10.715
-10.476
-10.225
-9.9738
-9.7214
-9.4686
-9.2043
-8.9407
-8.6785
-8.4181
-8.147
-7.8789
-7.6142
-7.3535
-7.0887
-6.8289
-6.5744
-6.3254
-6.0433
-5.7693
-5.5039
-5.2471
-4.9739
-4.7116
-4.4602
-4.2197
-3.9834
-3.7585
-3.5448
-3.3421
-3.1354
-2.9409
-2.7582
-2.5868
-2.4489
-2.3187
-2.196
-2.0805
-1.9816
-1.8882
-1.8001
-1.7171
-1.6419
-1.571
-1.5043
-1.4416
-1.3837
-1.3294
-1.2785
-1.2308
-1.1865
-1.1452
-1.1067
-1.071
-1.0377
-1.007
-0.97862
-0.95259
-0.92904
-0.90756
-0.88807
-0.87047
-0.8546
-0.84051
-0.82813
-0.81739
-0.80802
-0.80025
-0.79403
-0.78931
-0.78596
-0.78409
-0.78367
-0.78466
-0.78713
-0.79104
-0.79635
-0.80304
-0.81149
-0.8214
-0.83275
-0.84553
-0.8606
-0.87724
-0.89548
-0.9153
-0.93843
-0.96343
-0.99034
-1.0192
-1.0536
-1.0906
-1.1302
-1.1724
-1.2222
-1.2754
-1.3323
-1.3931
-1.4655
-1.5433
-1.6266
-1.7159
-1.8006
-1.8905
-1.986
-2.0874
-2.189
-2.2966
-2.4104
-2.5307
-2.6566
-2.7896
-2.9302
-3.0786
-3.2379
-3.4062
-3.5841
-3.7719
-3.9804
-4.2011
-4.4344
-4.6811
-4.9618
-5.2592
-5.574
-5.9069
-6.2212
-6.5507
-6.8957
-7.2564
-7.6
-7.9566
-8.326
-8.7078
-9.0829
-9.4682
-9.8629
-10.266
-10.686
-11.111
-11.541
-11.972
-12.373
-12.771
-13.163
-13.549
-13.878
-14.198
-14.506
-14.799
-15.036
-15.259
-15.467
-15.659
-15.821
-15.967
-16.095
-16.204
-16.291
-16.36
-16.409
-16.437
-16.446
-16.435
-16.405
-16.356
-16.294
-16.217
-16.124
-16.015
-15.899
-15.769
-15.626
-15.471
-15.31
-15.137
-14.954
-14.76
-14.561
-14.352
-14.135
-13.91
-13.679
-13.442
-13.198
-12.948
-12.693
-12.433
-12.169
-11.902
-11.631
-11.358
-11.082
-10.806
-10.534
-10.261
-9.9884
-9.7159
-9.43
-9.1451
-8.8617
-8.5801
-8.1993
-7.8234
-7.453
-7.0889
-6.6107
-6.1459
-5.6955
-5.2601
-4.8712
-4.4959
-4.1346
-3.7871
-3.4806
-3.1858
-2.9025
-2.6306
-2.3666
-2.1138
-1.872
-1.6407
-1.3991
-1.1694
-0.95105
-0.74369
-0.58254
-0.42805
-0.27996
-0.138
-0.001889
0.12863
0.25384
0.37398
0.48334
0.58862
0.69002
0.78774
0.8793
0.96778
1.0534
1.1362
1.2177
1.2968
1.3736
1.4482
1.5244
1.5986
1.671
1.7418
1.8141
1.885
1.9546
2.0231
2.0937
2.1634
2.2325
2.3011
2.3724
2.4436
2.5148
2.5862
2.6613
2.737
2.8134
2.8908
2.9732
3.057
3.1424
3.2296
3.3234
3.4196
3.5183
3.6199
3.7303
3.8443
3.9619
4.0836
4.2173
4.3559
4.4997
4.6489
4.8153
4.9884
5.1685
5.3557
5.5702
5.7938
6.0269
6.2696
6.5507
6.8437
7.1487
